date,PX_OPEN,PX_LOW,PX_HIGH,PX_LAST,VOLUME,MOV_AVG_5D,CHG_PCT_1D,LOG_CHG_PCT_1D,LOG_CHG_PCT_1D_win
2015-01-02,4132.0,4064.0,4147.0,4069.0,82188.0,4287.2549,-1.8913,-0.019094138333766886,-0.019094138333766886
2015-01-05,4108.0,4078.0,4162.0,4147.0,74918.0,4208.8235,1.9277,0.01909355243259528,0.01909355243259528
2015-01-06,4181.0,4039.0,4181.0,4074.0,114638.0,4123.5294,-1.773,-0.01788905933574038,-0.01788905933574038
2015-01-07,4172.0,4010.0,4172.0,4103.0,61557.0,4107.8431,0.722,0.007194060580240568,0.007194060580240568
2015-01-08,4083.0,4010.0,4123.0,4015.0,77887.0,4081.3725,-2.1505,-0.02173960202109524,-0.02173960202109524
2015-01-09,4029.0,4015.0,4118.0,4078.0,77867.0,4083.3333,1.5873,0.015748341343139072,0.015748341343139072
2015-01-12,4039.0,4020.0,4123.0,4049.0,61131.0,4063.7255,-0.7212,-0.0072381321913797475,-0.0072381321913797475
2015-01-13,4015.0,3951.0,4054.0,3961.0,115483.0,4041.1765,-2.1792,-0.02203295262367333,-0.02203295262367333
2015-01-14,3946.0,3922.0,4020.0,3975.0,85523.0,4015.6863,0.3713,0.0037061238310541565,0.0037061238310541565
2015-01-15,3980.0,3804.0,3980.0,3809.0,166773.0,3974.5098,-4.1924,-0.04282817221634364,-0.029558582241568588
2015-01-16,3814.0,3814.0,3951.0,3922.0,118607.0,3943.1373,2.9601,0.02917134855027943,0.02917134855027943
2015-01-19,3951.0,3853.0,3951.0,3868.0,31771.0,3906.8627,-1.375,-0.013845406822053095,-0.013845406822053095
2015-01-20,3887.0,3843.0,3912.0,3912.0,40437.0,3897.0588,1.1407,0.011342430739260936,0.011342430739260936
2015-01-21,3941.0,3809.0,3941.0,3824.0,82238.0,3866.6667,-2.2556,-0.022814277766251365,-0.022814277766251365
2015-01-22,3824.0,3735.0,3824.0,3770.0,118866.0,3858.8235,-1.4103,-0.014203392310730955,-0.014203392310730955
2015-01-23,3770.0,3735.0,3828.0,3799.0,40422.0,3834.3137,0.7802,0.007771721783129834,0.007771721783129834
2015-01-26,3824.0,3765.0,3863.0,3863.0,46158.0,3833.3333,1.6774,0.01663487014918413,0.01663487014918413
2015-01-27,3863.0,3725.0,3863.0,3765.0,58565.0,3803.9216,-2.5381,-0.025708653585251012,-0.025708653585251012
2015-01-28,3765.0,3765.0,3843.0,3828.0,28821.0,3804.902,1.6927,0.016785334745787566,0.016785334745787566
2015-01-29,3794.0,3779.0,3936.0,3897.0,72491.0,3830.3922,1.7926,0.017767223934109327,0.017767223934109327
2015-01-30,3966.0,3863.0,4015.0,3931.0,78288.0,3856.8627,0.8805,0.008766462040112236,0.008766462040112236
2015-02-02,4010.0,3936.0,4118.0,4054.0,149013.0,3895.098,3.1172,0.03069601944254331,0.02934227394661604
2015-02-03,3975.0,3961.0,4176.0,4137.0,121151.0,3969.6078,2.0556,0.020347576823425844,0.020347576823425844
2015-02-04,4196.0,4069.0,4211.0,4132.0,81485.0,4030.3922,-0.1185,-0.0011857026676622964,-0.0011857026676622964
2015-02-05,4132.0,4059.0,4157.0,4137.0,50767.0,4078.4314,0.1186,0.0011852972575800355,0.0011852972575800355
2015-02-06,4157.0,4039.0,4157.0,4074.0,46467.0,4106.8627,-1.5403,-0.01552285858528694,-0.01552285858528694
2015-02-09,4069.0,3995.0,4078.0,4044.0,46993.0,4104.902,-0.722,-0.00724619033897283,-0.00724619033897283
2015-02-10,4020.0,3902.0,4039.0,3902.0,80102.0,4057.8431,-3.5152,-0.035784703002987,-0.029558582241568588
2015-02-11,3833.0,3833.0,3971.0,3951.0,69641.0,4021.5686,1.2563,0.012484740285057304,0.012484740285057304
2015-02-12,4010.0,3907.0,4044.0,4029.0,31691.0,4000.0,1.9851,0.019656538194314004,0.019656538194314004
2015-02-13,4029.0,4005.0,4103.0,4098.0,64761.0,4004.902,1.7032,0.016888581664819165,0.016888581664819165
2015-02-16,4196.0,4078.0,4196.0,4132.0,61831.0,4022.549,0.8373,0.008338140883918273,0.008338140883918273
2015-02-17,4074.0,4069.0,4132.0,4078.0,21121.0,4057.8431,-1.3049,-0.013134886171099534,-0.013134886171099534
2015-02-18,4074.0,4069.0,4132.0,4078.0,21121.0,4057.8431,0.0,0.0,0.0
2015-02-19,4074.0,4069.0,4132.0,4078.0,21121.0,4057.8431,0.0,0.0,0.0
2015-02-20,4074.0,4069.0,4132.0,4078.0,21121.0,4057.8431,0.0,0.0,0.0
2015-02-23,4074.0,4074.0,4196.0,4118.0,42657.0,4091.1765,0.9615,0.009569070063697121,0.009569070063697121
2015-02-24,4162.0,4113.0,4260.0,4225.0,112801.0,4130.3922,2.619,0.0258529147891031,0.0258529147891031
2015-02-25,4230.0,4088.0,4230.0,4123.0,79707.0,4135.2941,-2.4362,-0.02466366300941466,-0.02466366300941466
2015-02-26,4137.0,4083.0,4172.0,4127.0,48093.0,4134.3137,0.1189,0.0011882936993056858,0.0011882936993056858
2015-02-27,4127.0,4127.0,4270.0,4240.0,94805.0,4166.6667,2.7316,0.02694957592654325,0.02694957592654325
2015-03-02,4206.0,4206.0,4363.0,4314.0,85329.0,4205.8824,1.7341,0.01719236076764482,0.01719236076764482
2015-03-03,4314.0,4216.0,4348.0,4270.0,50015.0,4214.7059,-1.0227,-0.010279655074437137,-0.010279655074437137
2015-03-04,4270.0,4245.0,4348.0,4245.0,126176.0,4239.2157,-0.5741,-0.005757542886023212,-0.005757542886023212
2015-03-05,4275.0,4132.0,4275.0,4142.0,75621.0,4242.1569,-2.4249,-0.024547848069260404,-0.024547848069260404
2015-03-06,4157.0,4137.0,4235.0,4230.0,37901.0,4240.1961,2.1302,0.021078283888454594,0.021078283888454594
2015-03-09,4230.0,4000.0,4230.0,4000.0,108906.0,4177.451,-5.4461,-0.056000143717378645,-0.029558582241568588
2015-03-10,4000.0,3887.0,4069.0,3975.0,120486.0,4118.6275,-0.6127,-0.006145847088007882,-0.006145847088007882
2015-03-11,3975.0,3907.0,4039.0,3917.0,42395.0,4052.9412,-1.4797,-0.014907567673398885,-0.014907567673398885
2015-03-12,3961.0,3912.0,4015.0,4015.0,38656.0,4027.451,2.5031,0.024722856035472952,0.024722856035472952
2015-03-13,4025.0,3995.0,4069.0,4069.0,31065.0,3995.098,1.3431,0.013341603684562019,0.013341603684562019
2015-03-16,4127.0,3980.0,4127.0,3980.0,44007.0,3991.1765,-2.1687,-0.021925619249688767,-0.021925619249688767
2015-03-17,3980.0,3980.0,4059.0,4039.0,53972.0,4003.9216,1.4778,0.014669869359392868,0.014669869359392868
2015-03-18,4088.0,3951.0,4088.0,4044.0,62240.0,4029.4118,0.1214,0.0012132636978536711,0.0012132636978536711
2015-03-19,4025.0,3990.0,4069.0,4010.0,43243.0,4028.4314,-0.8485,-0.008521202543681512,-0.008521202543681512
2015-03-20,4059.0,3995.0,4167.0,4118.0,114901.0,4038.2353,2.6895,0.026539686186984518,0.026539686186984518
2015-03-23,4225.0,4137.0,4265.0,4221.0,118152.0,4086.2745,2.5,0.024692612590371414,0.024692612590371414
2015-03-24,4294.0,4221.0,4299.0,4225.0,97814.0,4123.5294,0.1161,0.0011603265606915934,0.0011603265606915934
2015-03-25,4299.0,4245.0,4299.0,4255.0,89756.0,4165.6863,0.6961,0.006936884088726126,0.006936884088726126
2015-03-26,4255.0,4152.0,4275.0,4162.0,46141.0,4196.0784,-2.1889,-0.022132118455093976,-0.022132118455093976
2015-03-27,4240.0,4083.0,4245.0,4206.0,60750.0,4213.7255,1.0601,0.010545203386363146,0.010545203386363146
2015-03-30,4245.0,4167.0,4245.0,4167.0,31737.0,4202.9412,-0.9324,-0.00936774059183548,-0.00936774059183548
2015-03-31,4225.0,4172.0,4225.0,4211.0,39837.0,4200.0,1.0588,0.01053233967099539,0.01053233967099539
2015-04-01,4216.0,4211.0,4377.0,4319.0,190971.0,4212.7451,2.5611,0.02528853255576875,0.02528853255576875
2015-04-02,4338.0,4309.0,4412.0,4319.0,134237.0,4244.1176,0.0,0.0,0.0
2015-04-03,4319.0,4275.0,4397.0,4299.0,53061.0,4262.7451,-0.454,-0.004550337098818053,-0.004550337098818053
2015-04-06,4299.0,4230.0,4314.0,4314.0,76394.0,4292.1569,0.3421,0.0034151616909477004,0.0034151616909477004
2015-04-07,4314.0,4255.0,4324.0,4265.0,75197.0,4302.9412,-1.1364,-0.011429063639782393,-0.011429063639782393
2015-04-08,4265.0,4142.0,4284.0,4162.0,130624.0,4271.5686,-2.4138,-0.024434096008662667,-0.024434096008662667
2015-04-09,4162.0,4137.0,4250.0,4186.0,54550.0,4245.098,0.5889,0.0058717276176986416,0.0058717276176986416
2015-04-10,4216.0,4137.0,4216.0,4186.0,103235.0,4222.549,0.0,0.0,0.0
2015-04-13,4265.0,4152.0,4265.0,4245.0,69791.0,4208.8235,1.4052,0.013954185905393988,0.013954185905393988
2015-04-14,4245.0,4186.0,4265.0,4216.0,66692.0,4199.0196,-0.6928,-0.006952110012639967,-0.006952110012639967
2015-04-15,4230.0,4157.0,4265.0,4206.0,65620.0,4207.8431,-0.2326,-0.0023287093400987907,-0.0023287093400987907
2015-04-16,4201.0,4049.0,4216.0,4059.0,193502.0,4182.3529,-3.4965,-0.03559090887081921,-0.029558582241568588
2015-04-17,4020.0,4020.0,4113.0,4108.0,84343.0,4166.6667,1.2077,0.012004654927329779,0.012004654927329779
2015-04-20,4059.0,4059.0,4132.0,4132.0,52711.0,4144.1176,0.5967,0.005949267958596901,0.005949267958596901
2015-04-21,4157.0,4093.0,4162.0,4123.0,98128.0,4125.4902,-0.2372,-0.0023748176485234203,-0.0023748176485234203
2015-04-22,4123.0,3980.0,4167.0,4074.0,176457.0,4099.0196,-1.1891,-0.011962263432861968,-0.011962263432861968
2015-04-23,4074.0,4010.0,4137.0,4039.0,88822.0,4095.098,-0.8424,-0.008459682421791778,-0.008459682421791778
2015-04-24,4039.0,3902.0,4069.0,3941.0,90991.0,4061.7647,-2.4272,-0.02457141993449806,-0.02457141993449806
2015-04-27,3951.0,3951.0,4059.0,3995.0,68833.0,4034.3137,1.3682,0.013589246515803056,0.013589246515803056
2015-04-28,4054.0,4020.0,4088.0,4029.0,47723.0,4015.6863,0.8589,0.008552324394391684,0.008552324394391684
2015-04-29,4054.0,3961.0,4088.0,4010.0,57966.0,4002.9412,-0.4866,-0.004877877524353911,-0.004877877524353911
2015-04-30,4015.0,3926.0,4044.0,4005.0,38189.0,3996.0784,-0.1222,-0.0012227472508223145,-0.0012227472508223145
2015-05-01,4015.0,3926.0,4044.0,4005.0,38189.0,3996.0784,0.0,0.0,0.0
2015-05-04,4005.0,3824.0,4039.0,3907.0,90534.0,3989.2157,-2.448,-0.024784616822631028,-0.024784616822631028
2015-05-05,4005.0,3824.0,4039.0,3907.0,90534.0,3989.2157,0.0,0.0,0.0
2015-05-06,3922.0,3828.0,3961.0,3873.0,67590.0,3964.7059,-0.8783,-0.008821797886111956,-0.008821797886111956
2015-05-07,3824.0,3721.0,3961.0,3912.0,79629.0,3941.1765,1.0127,0.010076065522490666,0.010076065522490666
2015-05-08,3912.0,3814.0,3912.0,3887.0,70423.0,3916.6667,-0.6266,-0.006285713772142725,-0.006285713772142725
2015-05-11,3814.0,3696.0,3814.0,3706.0,210614.0,3856.8627,-4.6658,-0.0477815729685796,-0.029558582241568588
2015-05-12,3696.0,3686.0,3745.0,3701.0,116855.0,3815.6863,-0.1323,-0.0013238759371617765,-0.0013238759371617765
2015-05-13,3701.0,3691.0,3775.0,3691.0,122228.0,3779.4118,-0.2649,-0.0026525148090249186,-0.0026525148090249186
2015-05-14,3701.0,3701.0,3799.0,3711.0,58916.0,3739.2157,0.5312,0.005297941093297976,0.005297941093297976
2015-05-15,3716.0,3642.0,3775.0,3730.0,151422.0,3707.8431,0.5284,0.005270088655511641,0.005270088655511641
2015-05-18,3730.0,3618.0,3784.0,3725.0,115978.0,3711.7647,-0.1314,-0.0013148640549951532,-0.0013148640549951532
2015-05-19,3681.0,3681.0,3779.0,3765.0,97887.0,3724.5098,1.0526,0.010470987367246611,0.010470987367246611
2015-05-20,3765.0,3740.0,3789.0,3775.0,46051.0,3741.1765,0.2604,0.0026006154662773662,0.0026006154662773662
2015-05-21,3784.0,3730.0,3819.0,3760.0,72878.0,3750.9804,-0.3896,-0.0039036091780016127,-0.0039036091780016127
2015-05-22,3760.0,3730.0,3804.0,3804.0,58921.0,3765.6863,1.1734,0.01166569046544661,0.01166569046544661
2015-05-26,3784.0,3706.0,3809.0,3706.0,100216.0,3761.7647,-2.5773,-0.026110942945504954,-0.026110942945504954
2015-05-27,3686.0,3681.0,3804.0,3779.0,41268.0,3764.7059,1.9841,0.019646732792321795,0.019646732792321795
2015-05-28,3765.0,3642.0,3804.0,3657.0,153655.0,3741.1765,-3.2425,-0.03296233770282712,-0.029558582241568588
2015-05-29,3657.0,3559.0,3667.0,3564.0,217898.0,3701.9608,-2.5469,-0.025798949355263345,-0.025798949355263345
2015-06-01,3618.0,3554.0,3647.0,3623.0,111726.0,3665.6863,1.6506,0.01637125667582862,0.01637125667582862
2015-06-02,3637.0,3578.0,4064.0,3961.0,983107.0,3716.6667,9.3369,0.08926375514707793,0.02934227394661604
2015-06-03,4142.0,3951.0,4412.0,3971.0,2350457.0,3754.902,0.2475,0.002471942231778345,0.002471942231778345
2015-06-04,4108.0,3667.0,4206.0,3681.0,913676.0,3759.8039,-7.284,-0.07562912852566067,-0.029558582241568588
2015-06-05,3721.0,3588.0,3912.0,3809.0,633082.0,3808.8235,3.4621,0.034035176080876195,0.02934227394661604
2015-06-08,3951.0,3525.0,3980.0,3593.0,826664.0,3802.9412,-5.6628,-0.05829458845371263,-0.029558582241568588
2015-06-09,3613.0,3358.0,3623.0,3377.0,866754.0,3686.2745,-6.0027,-0.06190412753486772,-0.029558582241568588
2015-06-10,3402.0,3245.0,3407.0,3265.0,976678.0,3545.098,-3.3382,-0.033951897770610945,-0.029558582241568588
2015-06-11,3299.0,3275.0,3363.0,3333.0,265207.0,3475.4902,2.1021,0.0208031070415277,0.0208031070415277
2015-06-12,3358.0,3279.0,3397.0,3299.0,190466.0,3373.5294,-1.0294,-0.010347349654703585,-0.010347349654703585
2015-06-15,3363.0,3284.0,3387.0,3304.0,191285.0,3315.6863,0.1486,0.0014848969945755986,0.0014848969945755986
2015-06-16,3304.0,3230.0,3353.0,3304.0,173849.0,3300.9804,0.0,0.0,0.0
2015-06-17,3353.0,3284.0,3382.0,3373.0,135916.0,3322.549,2.0772,0.020559203765109044,0.020559203765109044
2015-06-18,3373.0,3265.0,3373.0,3294.0,205482.0,3314.7059,-2.3256,-0.02353068788640279,-0.02353068788640279
2015-06-19,3289.0,3270.0,3353.0,3319.0,112170.0,3318.6275,0.744,0.007412459715453809,0.007412459715453809
2015-06-22,3319.0,3270.0,3343.0,3328.0,135186.0,3323.5294,0.2954,0.002949645515324057,0.002949645515324057
2015-06-23,3358.0,3324.0,3412.0,3324.0,144882.0,3327.451,-0.1473,-0.001474085931015205,-0.001474085931015205
2015-06-24,3338.0,3328.0,3402.0,3363.0,108864.0,3325.4902,1.1799,0.011729934537594026,0.011729934537594026
2015-06-25,3358.0,3343.0,3397.0,3387.0,128993.0,3344.1176,0.7289,0.007262563624929949,0.007262563624929949
2015-06-26,3387.0,3348.0,3402.0,3377.0,112313.0,3355.8824,-0.2894,-0.002898195714887789,-0.002898195714887789
2015-06-29,3328.0,3284.0,3348.0,3294.0,121553.0,3349.0196,-2.4673,-0.02498247959775348,-0.02498247959775348
2015-06-30,3294.0,3250.0,3343.0,3333.0,85173.0,3350.9804,1.1905,0.011834692941092859,0.011834692941092859
2015-07-01,3333.0,3270.0,3358.0,3304.0,120984.0,3339.2157,-0.8824,-0.008863162035406182,-0.008863162035406182
2015-07-02,3284.0,3284.0,3392.0,3368.0,102774.0,3335.2941,1.9288,0.019104344337685465,0.019104344337685465
2015-07-03,3392.0,3324.0,3392.0,3377.0,106472.0,3335.2941,0.2911,0.0029067712441179887,0.0029067712441179887
2015-07-06,3377.0,3309.0,3377.0,3328.0,91656.0,3342.1569,-1.4514,-0.014620358477076899,-0.014620358477076899
2015-07-07,3319.0,3284.0,3363.0,3343.0,153073.0,3344.1176,0.4418,0.004408269287664497,0.004408269287664497
2015-07-08,3324.0,3299.0,3412.0,3358.0,117621.0,3354.902,0.4399,0.004389352681522117,0.004389352681522117
2015-07-09,3309.0,3275.0,3348.0,3333.0,66633.0,3348.0392,-0.7299,-0.007325768033286329,-0.007325768033286329
2015-07-10,3333.0,3333.0,3456.0,3382.0,176192.0,3349.0196,1.4706,0.014598915363175053,0.014598915363175053
2015-07-13,3382.0,3382.0,3441.0,3426.0,173423.0,3368.6275,1.3043,0.012958672539389374,0.012958672539389374
2015-07-14,3431.0,3377.0,3461.0,3461.0,120437.0,3392.1569,1.0014,0.00996419214323854,0.00996419214323854
2015-07-15,3480.0,3436.0,3500.0,3475.0,96056.0,3415.6863,0.4249,0.004239998488772639,0.004239998488772639
2015-07-16,3510.0,3471.0,3760.0,3725.0,360063.0,3494.1176,7.1932,0.06946262780084184,0.02934227394661604
2015-07-17,3735.0,3676.0,3735.0,3706.0,160050.0,3558.8235,-0.5263,-0.00527689837069765,-0.00527689837069765
2015-07-20,3755.0,3667.0,3770.0,3701.0,129120.0,3613.7255,-0.1323,-0.0013238759371617765,-0.0013238759371617765
2015-07-21,3701.0,3544.0,3735.0,3725.0,135179.0,3666.6667,0.6623,0.006601164294394673,0.006601164294394673
2015-07-22,3725.0,3618.0,3725.0,3691.0,84497.0,3709.8039,-0.9211,-0.00925368356824684,-0.00925368356824684
2015-07-23,3637.0,3613.0,3711.0,3632.0,100705.0,3691.1765,-1.5936,-0.016064343394528467,-0.016064343394528467
2015-07-24,3627.0,3627.0,3730.0,3647.0,72145.0,3679.4118,0.4049,0.004040824859499346,0.004040824859499346
2015-07-27,3647.0,3529.0,3667.0,3608.0,98487.0,3660.7843,-1.0753,-0.010811231321656626,-0.010811231321656626
2015-07-28,3593.0,3525.0,3593.0,3569.0,69744.0,3629.4118,-1.087,-0.010929510092726483,-0.010929510092726483
2015-07-29,3549.0,3549.0,3696.0,3647.0,69337.0,3620.5882,2.1978,0.02173996513102937,0.02173996513102937
2015-07-30,3608.0,3539.0,3647.0,3539.0,116076.0,3601.9608,-2.957,-0.03001600674359586,-0.029558582241568588
2015-07-31,3559.0,3539.0,3608.0,3588.0,38004.0,3590.1961,1.385,0.013754965232335692,0.013754965232335692
2015-08-03,3627.0,3583.0,3676.0,3608.0,41483.0,3590.1961,0.5464,0.0054491265065806605,0.0054491265065806605
2015-08-04,3691.0,3613.0,3691.0,3657.0,44822.0,3607.8431,1.3587,0.013495524370326068,0.013495524370326068
2015-08-05,3657.0,3632.0,3691.0,3662.0,67475.0,3610.7843,0.134,0.001339103001229382,0.001339103001229382
2015-08-06,3637.0,3627.0,3672.0,3667.0,29851.0,3636.2745,0.1339,0.001338104338937604,0.001338104338937604
2015-08-07,3667.0,3603.0,3667.0,3647.0,55635.0,3648.0392,-0.5348,-0.005362351743619413,-0.005362351743619413
2015-08-10,3578.0,3328.0,3578.0,3422.0,326922.0,3610.7843,-6.1828,-0.06382197791599264,-0.029558582241568588
2015-08-11,3422.0,3333.0,3422.0,3353.0,92172.0,3550.0,-2.0057,-0.02026087227437387,-0.02026087227437387
2015-08-12,3353.0,3196.0,3353.0,3245.0,119840.0,3466.6667,-3.2164,-0.03269262754660475,-0.029558582241568588
2015-08-13,3235.0,3235.0,3319.0,3319.0,49560.0,3397.0588,2.2659,0.022406098068251758,0.022406098068251758
2015-08-14,3235.0,3235.0,3319.0,3319.0,49560.0,3397.0588,0.0,0.0,0.0
2015-08-17,3275.0,3275.0,3363.0,3348.0,51486.0,3337.2549,0.8863,0.008823954154787286,0.008823954154787286
2015-08-18,3304.0,3289.0,3373.0,3294.0,47773.0,3311.7647,-1.6105,-0.01623609494058763,-0.01623609494058763
2015-08-19,3299.0,3137.0,3363.0,3245.0,76593.0,3290.1961,-1.4881,-0.014992832924511115,-0.014992832924511115
2015-08-20,3186.0,3186.0,3299.0,3196.0,60474.0,3280.3922,-1.5106,-0.015221257814070988,-0.015221257814070988
2015-08-21,3137.0,3039.0,3221.0,3132.0,86396.0,3243.1373,-1.9939,-0.02014046435669358,-0.02014046435669358
2015-08-24,2980.0,2941.0,3147.0,2985.0,141082.0,3170.5882,-4.6948,-0.0480858122834714,-0.029558582241568588
2015-08-25,2985.0,2941.0,3059.0,3039.0,76804.0,3119.6078,1.8062,0.017900820006583416,0.017900820006583416
2015-08-26,3064.0,3049.0,3289.0,3196.0,55485.0,3109.8039,5.1613,0.05032517591205127,0.02934227394661604
2015-08-27,3196.0,3142.0,3333.0,3255.0,44045.0,3121.5686,1.8405,0.018237677911222605,0.018237677911222605
2015-08-28,3270.0,3235.0,3299.0,3260.0,33276.0,3147.0588,0.1506,0.00150486711926963,0.00150486711926963
2015-08-31,3211.0,3196.0,3319.0,3221.0,23545.0,3194.1176,-1.203,-0.012102946067745748,-0.012102946067745748
2015-09-01,3235.0,3235.0,3314.0,3260.0,16915.0,3238.2353,1.2177,0.012103456757615464,0.012103456757615464
2015-09-02,3240.0,3147.0,3289.0,3265.0,27891.0,3251.9608,0.1504,0.0015028701247463293,0.0015028701247463293
2015-09-03,3299.0,3211.0,3299.0,3279.0,20571.0,3256.8627,0.4505,0.004494882861260236,0.004494882861260236
2015-09-04,3240.0,3157.0,3284.0,3235.0,32593.0,3251.9608,-1.3453,-0.013544311471397364,-0.013544311471397364
2015-09-07,3147.0,3147.0,3235.0,3191.0,27928.0,3246.0784,-1.3636,-0.013729824148375454,-0.013729824148375454
2015-09-08,3167.0,3064.0,3235.0,3123.0,49096.0,3218.6275,-2.1505,-0.02173960202109524,-0.02173960202109524
2015-09-09,3123.0,3108.0,3191.0,3191.0,47648.0,3203.9216,2.1978,0.02173996513102937,0.02173996513102937
2015-09-10,3201.0,3137.0,3201.0,3191.0,15060.0,3186.2745,0.0,0.0,0.0
2015-09-11,3147.0,3127.0,3196.0,3162.0,14239.0,3171.5686,-0.9217,-0.009259739366370834,-0.009259739366370834
2015-09-14,3142.0,3142.0,3230.0,3221.0,20567.0,3177.451,1.8605,0.01843404415453279,0.01843404415453279
2015-09-15,3201.0,3088.0,3245.0,3167.0,122785.0,3186.2745,-1.6743,-0.016884748448165964,-0.016884748448165964
2015-09-16,3157.0,3132.0,3191.0,3157.0,77031.0,3179.4118,-0.3096,-0.003100802522969028,-0.003100802522969028
2015-09-17,3142.0,3123.0,3167.0,3127.0,79289.0,3166.6667,-0.9317,-0.00936067473451229,-0.00936067473451229
2015-09-18,3132.0,3132.0,3176.0,3147.0,62406.0,3163.7255,0.627,0.006250425329512961,0.006250425329512961
2015-09-21,3147.0,3118.0,3162.0,3137.0,49305.0,3147.0588,-0.3115,-0.0031198617112788906,-0.0031198617112788906
2015-09-22,3137.0,3123.0,3147.0,3142.0,87340.0,3142.1569,0.1563,0.001561779786796669,0.001561779786796669
2015-09-23,3127.0,3127.0,3152.0,3127.0,37096.0,3136.2745,-0.468,-0.00469098548812357,-0.00469098548812357
2015-09-24,3137.0,3137.0,3186.0,3172.0,48553.0,3145.098,1.4107,0.014008422284310651,0.014008422284310651
2015-09-25,3157.0,3137.0,3211.0,3206.0,36224.0,3156.8627,1.0819,0.010760893347721975,0.010760893347721975
2015-09-28,3157.0,3137.0,3211.0,3206.0,36224.0,3156.8627,0.0,0.0,0.0
2015-09-29,3157.0,3137.0,3211.0,3206.0,36224.0,3156.8627,0.0,0.0,0.0
2015-09-30,3172.0,3167.0,3235.0,3196.0,39001.0,3168.6275,-0.3058,-0.0030626852360726643,-0.0030626852360726643
2015-10-01,3235.0,3206.0,3279.0,3279.0,41024.0,3196.0784,2.6074,0.025739868904047825,0.025739868904047825
2015-10-02,3314.0,3279.0,3368.0,3309.0,48381.0,3232.3529,0.8969,0.008929017410893289,0.008929017410893289
2015-10-05,3328.0,3265.0,3333.0,3319.0,59763.0,3261.7647,0.2963,0.002958618967366398,0.002958618967366398
2015-10-06,3328.0,3279.0,3333.0,3333.0,45215.0,3287.2549,0.4431,0.004421212022534288,0.004421212022534288
2015-10-07,3333.0,3275.0,3368.0,3299.0,35343.0,3307.8431,-1.0294,-0.010347349654703585,-0.010347349654703585
2015-10-08,3299.0,3289.0,3338.0,3319.0,33864.0,3315.6863,0.5944,0.005926404124161771,0.005926404124161771
2015-10-09,3299.0,3289.0,3338.0,3319.0,33864.0,3315.6863,0.0,0.0,0.0
2015-10-12,3319.0,3319.0,3402.0,3402.0,41777.0,3334.3137,2.5111,0.02480089941006914,0.02480089941006914
2015-10-13,3431.0,3377.0,3431.0,3426.0,59482.0,3355.8824,0.7205,0.0071791679930254815,0.0071791679930254815
2015-10-14,3426.0,3333.0,3436.0,3338.0,58199.0,3356.8627,-2.5751,-0.02608836119443282,-0.02608836119443282
2015-10-15,3343.0,3260.0,3343.0,3284.0,73148.0,3353.9216,-1.6153,-0.016284881824243577,-0.016284881824243577
2015-10-16,3284.0,3270.0,3324.0,3299.0,38773.0,3350.0,0.4478,0.004468003589507688,0.004468003589507688
2015-10-19,3328.0,3294.0,3338.0,3309.0,20070.0,3331.3725,0.2972,0.0029675923388863983,0.0029675923388863983
2015-10-20,3299.0,3275.0,3328.0,3304.0,32237.0,3306.8627,-0.1481,-0.001482097764493303,-0.001482097764493303
2015-10-21,3299.0,3294.0,3382.0,3348.0,48783.0,3308.8235,1.3353,0.013264634456426677,0.013264634456426677
2015-10-22,3387.0,3309.0,3588.0,3583.0,274119.0,3368.6275,7.0278,0.06791842781235258,0.02934227394661604
2015-10-23,3627.0,3598.0,3814.0,3686.0,566779.0,3446.0784,2.8728,0.02832308760429177,0.02832308760429177
2015-10-26,3696.0,3373.0,3907.0,3431.0,1016253.0,3470.5882,-6.9149,-0.07165605747786609,-0.029558582241568588
2015-10-27,3422.0,3373.0,3456.0,3412.0,188589.0,3492.1569,-0.5714,-0.005730387352704471,-0.005730387352704471
2015-10-28,3412.0,3284.0,3412.0,3319.0,207897.0,3486.2745,-2.7299,-0.027678541041063355,-0.027678541041063355
2015-10-29,3377.0,3284.0,3377.0,3319.0,118018.0,3433.3333,0.0,0.0,0.0
2015-10-30,3289.0,3211.0,3314.0,3240.0,145373.0,3344.1176,-2.3634,-0.023917762863971428,-0.023917762863971428
2015-11-02,3191.0,3186.0,3235.0,3235.0,121691.0,3304.902,-0.1513,-0.0015141457403158804,-0.0015141457403158804
2015-11-03,3363.0,3333.0,3824.0,3377.0,1219054.0,3298.0392,4.3939,0.04300105863462553,0.02934227394661604
2015-11-04,3426.0,3294.0,3431.0,3348.0,153438.0,3303.9216,-0.8708,-0.008746136186683892,-0.008746136186683892
2015-11-05,3314.0,3270.0,3343.0,3299.0,176419.0,3300.0,-1.4641,-0.014749237206937212,-0.014749237206937212
2015-11-06,3275.0,3275.0,3539.0,3333.0,444418.0,3318.6275,1.0401,0.01034728176070136,0.01034728176070136
2015-11-09,3377.0,3328.0,3475.0,3333.0,214491.0,3338.2353,0.0,0.0,0.0
2015-11-10,3294.0,3225.0,3373.0,3265.0,116955.0,3315.6863,-2.0588,-0.020802887389551914,-0.020802887389551914
2015-11-11,3275.0,3240.0,3328.0,3294.0,130041.0,3304.902,0.9009,0.008968661054188982,0.008968661054188982
2015-11-12,3353.0,3289.0,3353.0,3319.0,130171.0,3308.8235,0.744,0.007412459715453809,0.007412459715453809
2015-11-13,3284.0,3225.0,3348.0,3250.0,87667.0,3292.1569,-2.0679,-0.02089580459681337,-0.02089580459681337
2015-11-16,3172.0,3142.0,3235.0,3142.0,95487.0,3253.9216,-3.3183,-0.03374604652585457,-0.029558582241568588
2015-11-17,3147.0,3147.0,3221.0,3206.0,53868.0,3242.1569,2.0281,0.02007807955180206,0.02007807955180206
2015-11-18,3206.0,3167.0,3211.0,3201.0,33485.0,3223.5294,-0.1529,-0.001530170113387681,-0.001530170113387681
2015-11-19,3201.0,3127.0,3225.0,3162.0,93051.0,3192.1569,-1.2251,-0.012326662093072992,-0.012326662093072992
2015-11-20,3162.0,3108.0,3176.0,3127.0,104542.0,3167.6471,-1.0853,-0.010912323419676689,-0.010912323419676689
2015-11-23,3127.0,3123.0,3181.0,3142.0,62248.0,3167.6471,0.4702,0.004690980128123523,0.004690980128123523
2015-11-24,3142.0,3127.0,3176.0,3162.0,42569.0,3158.8235,0.624,0.006220611813056201,0.006220611813056201
2015-11-25,3167.0,3147.0,3196.0,3157.0,43597.0,3150.0,-0.155,-0.0015512024927365113,-0.0015512024927365113
2015-11-26,3176.0,3152.0,3221.0,3176.0,13394.0,3152.9412,0.6211,0.006191791235559344,0.006191791235559344
2015-11-27,3196.0,3167.0,3201.0,3181.0,24371.0,3163.7255,0.1543,0.001541810798634711,0.001541810798634711
2015-11-30,3176.0,3147.0,3186.0,3147.0,18121.0,3164.7059,-1.0786,-0.010844590584238006,-0.010844590584238006
2015-12-01,3137.0,3137.0,3176.0,3176.0,33199.0,3167.6471,0.9346,0.009302596365996552,0.009302596365996552
2015-12-02,3186.0,3167.0,3216.0,3196.0,55154.0,3175.4902,0.6173,0.006154025083567976,0.006154025083567976
2015-12-03,3211.0,3186.0,3235.0,3196.0,84788.0,3179.4118,0.0,0.0,0.0
2015-12-04,3216.0,3196.0,3275.0,3250.0,70597.0,3193.1373,1.6871,0.016730265363268763,0.016730265363268763
2015-12-07,3250.0,3250.0,3284.0,3250.0,57256.0,3213.7255,0.0,0.0,0.0
2015-12-08,3225.0,3186.0,3265.0,3225.0,45738.0,3223.5294,-0.7541,-0.007569577097743441,-0.007569577097743441
2015-12-09,3216.0,3157.0,3255.0,3157.0,53165.0,3215.6863,-2.1277,-0.02150661826452714,-0.02150661826452714
2015-12-10,3157.0,3157.0,3328.0,3255.0,240578.0,3227.451,3.1056,0.030583519757617732,0.02934227394661604
2015-12-11,3289.0,3260.0,3422.0,3324.0,146195.0,3242.1569,2.1084,0.020864808080426414,0.020864808080426414
2015-12-14,3324.0,3250.0,3333.0,3275.0,70792.0,3247.0588,-1.4749,-0.01485884793671949,-0.01485884793671949
2015-12-15,3275.0,3216.0,3373.0,3304.0,79658.0,3262.7451,0.8982,0.008941901767352113,0.008941901767352113
2015-12-16,3304.0,3250.0,3392.0,3387.0,93467.0,3308.8235,2.5223,0.024910149903024228,0.024910149903024228
2015-12-17,3402.0,3353.0,3436.0,3382.0,89042.0,3334.3137,-0.1447,-0.0014480479155111296,-0.0014480479155111296
2015-12-18,3407.0,3348.0,3407.0,3348.0,40370.0,3339.2157,-1.0145,-0.010196811226959809,-0.010196811226959809
2015-12-21,3333.0,3319.0,3373.0,3348.0,63449.0,3353.9216,0.0,0.0,0.0
2015-12-22,3353.0,3343.0,3431.0,3382.0,59076.0,3369.6078,1.0249,0.010196835121959517,0.010196835121959517
2015-12-23,3412.0,3343.0,3412.0,3377.0,41378.0,3367.6471,-0.1449,-0.0014500508157106768,-0.0014500508157106768
2015-12-24,3412.0,3333.0,3412.0,3368.0,60580.0,3364.7059,-0.2903,-0.002907221877219405,-0.002907221877219405
2015-12-28,3368.0,3338.0,3422.0,3358.0,155314.0,3366.6667,-0.2911,-0.0029152452010217495,-0.0029152452010217495
2015-12-29,3235.0,3216.0,3314.0,3240.0,67410.0,3345.098,-3.5036,-0.03566448403850786,-0.029558582241568588
2015-12-30,3235.0,3196.0,3235.0,3225.0,56719.0,3313.7255,-0.4539,-0.004549332538616992,-0.004549332538616992
2015-12-31,3235.0,3196.0,3235.0,3225.0,56719.0,3313.7255,0.0,0.0,0.0
2016-01-04,3225.0,3108.0,3225.0,3123.0,71742.0,3262.7451,-3.1915,-0.03243538564326981,-0.029558582241568588
2016-01-05,3088.0,3074.0,3152.0,3127.0,49691.0,3214.7059,0.157,0.0015687688384473767,0.0015687688384473767
2016-01-06,3127.0,3049.0,3152.0,3088.0,58232.0,3160.7843,-1.2539,-0.012618276657641715,-0.012618276657641715
2016-01-07,3088.0,2985.0,3088.0,2985.0,82176.0,3109.8039,-3.3333,-0.033901206848154654,-0.029558582241568588
2016-01-08,2971.0,2936.0,3020.0,3020.0,33058.0,3068.6275,1.1494,0.011428445823591399,0.011428445823591399
2016-01-11,3005.0,2966.0,3010.0,3000.0,29200.0,3044.1176,-0.6494,-0.00651517775334321,-0.00651517775334321
2016-01-12,3015.0,2990.0,3034.0,3005.0,21365.0,3019.6078,0.1634,0.0016326664744561084,0.0016326664744561084
2016-01-13,3005.0,3005.0,3039.0,3034.0,22199.0,3008.8235,0.9788,0.009740407830773038,0.009740407830773038
2016-01-14,2966.0,2956.0,3020.0,3020.0,45796.0,3015.6863,-0.4847,-0.004858784800540142,-0.004858784800540142
2016-01-15,3039.0,2980.0,3088.0,3034.0,55377.0,3018.6275,0.487,0.0048581799103570794,0.0048581799103570794
2016-01-18,2951.0,2951.0,3029.0,3015.0,33563.0,3021.5686,-0.6462,-0.006482969105721116,-0.006482969105721116
2016-01-19,2985.0,2971.0,3020.0,2990.0,21085.0,3018.6275,-0.813,-0.008163228671951153,-0.008163228671951153
2016-01-20,2990.0,2936.0,3025.0,2980.0,75142.0,3007.8431,-0.3279,-0.003284387701238786,-0.003284387701238786
2016-01-21,2941.0,2936.0,2980.0,2956.0,15354.0,2995.098,-0.8224,-0.008258003646992465,-0.008258003646992465
2016-01-22,2941.0,2917.0,2985.0,2956.0,35564.0,2979.4118,0.0,0.0,0.0
2016-01-25,2956.0,2917.0,2971.0,2941.0,59255.0,2964.7059,-0.4975,-0.004987416511046837,-0.004987416511046837
2016-01-26,2941.0,2902.0,2941.0,2917.0,19404.0,2950.0,-0.8333,-0.008367913536119355,-0.008367913536119355
2016-01-27,2922.0,2882.0,2941.0,2882.0,137005.0,2930.3922,-1.1765,-0.011834755266094774,-0.011834755266094774
2016-01-28,2882.0,2882.0,2912.0,2902.0,33433.0,2919.6078,0.6803,0.00677996401236731,0.00677996401236731
2016-01-29,2902.0,2892.0,2975.0,2941.0,44946.0,2916.6667,1.3514,0.013423500332025513,0.013423500332025513
2016-02-01,2956.0,2907.0,2985.0,2941.0,19464.0,2916.6667,0.0,0.0,0.0
2016-02-02,2941.0,2912.0,2966.0,2931.0,16199.0,2919.6078,-0.3333,-0.0033385668174100557,-0.0033385668174100557
2016-02-03,2931.0,2892.0,2936.0,2931.0,18091.0,2929.4118,0.0,0.0,0.0
2016-02-04,2936.0,2922.0,2966.0,2941.0,19484.0,2937.2549,0.3344,0.003338421265399446,0.003338421265399446
2016-02-05,2912.0,2912.0,2971.0,2941.0,26661.0,2937.2549,0.0,0.0,0.0
2016-02-08,2912.0,2912.0,2971.0,2941.0,26661.0,2937.2549,0.0,0.0,0.0
2016-02-09,2912.0,2912.0,2971.0,2941.0,26661.0,2937.2549,0.0,0.0,0.0
2016-02-10,2912.0,2912.0,2971.0,2941.0,26661.0,2937.2549,0.0,0.0,0.0
2016-02-11,2922.0,2843.0,2922.0,2887.0,68067.0,2926.4706,-1.8333,-0.018503132006043504,-0.018503132006043504
2016-02-12,2814.0,2701.0,2873.0,2833.0,101552.0,2906.8627,-1.8676,-0.018852598716273736,-0.018852598716273736
2016-02-15,2833.0,2696.0,2892.0,2848.0,51884.0,2890.1961,0.519,0.005176578368814539,0.005176578368814539
2016-02-16,2848.0,2843.0,2907.0,2907.0,28289.0,2883.3333,2.0654,0.02044359830095655,0.02044359830095655
2016-02-17,2907.0,2824.0,2922.0,2853.0,17909.0,2865.6863,-1.855,-0.01872420899827956,-0.01872420899827956
2016-02-18,2853.0,2828.0,2877.0,2873.0,46845.0,2862.7451,0.6873,0.006849488603243112,0.006849488603243112
2016-02-19,2873.0,2833.0,2882.0,2882.0,13254.0,2872.549,0.3413,0.0034071889338588447,0.0034071889338588447
2016-02-22,2853.0,2853.0,2882.0,2882.0,15572.0,2879.4118,0.0,0.0,0.0
2016-02-23,2863.0,2858.0,2887.0,2882.0,26846.0,2874.5098,0.0,0.0,0.0
2016-02-24,2882.0,2873.0,2941.0,2941.0,74127.0,2892.1569,2.0408,0.02020254731750663,0.02020254731750663
2016-02-25,2892.0,2873.0,2912.0,2877.0,49697.0,2893.1373,-2.1667,-0.02190517610361051,-0.02190517610361051
2016-02-26,2882.0,2833.0,2892.0,2877.0,88065.0,2892.1569,0.0,0.0,0.0
2016-02-29,2873.0,2833.0,2882.0,2843.0,87545.0,2884.3137,-1.1925,-0.011996673184184044,-0.011996673184184044
2016-03-01,2873.0,2833.0,2882.0,2843.0,87545.0,2884.3137,0.0,0.0,0.0
2016-03-02,2858.0,2833.0,2873.0,2838.0,46469.0,2875.4902,-0.1724,-0.0017254877982219301,-0.0017254877982219301
2016-03-03,2838.0,2824.0,2858.0,2848.0,46819.0,2856.8627,0.3454,0.00344804864205641,0.00344804864205641
2016-03-04,2848.0,2838.0,2922.0,2887.0,52420.0,2858.8235,1.3769,0.013675068565315817,0.013675068565315817
2016-03-07,2917.0,2892.0,2922.0,2907.0,25481.0,2864.7059,0.6791,0.006768045025719512,0.006768045025719512
2016-03-08,2912.0,2897.0,2926.0,2907.0,13498.0,2877.451,0.0,0.0,0.0
2016-03-09,2907.0,2897.0,2926.0,2917.0,22903.0,2893.1373,0.3373,0.0033673241949127514,0.0033673241949127514
2016-03-10,2926.0,2902.0,2975.0,2951.0,73727.0,2913.7255,1.1765,0.01169633046082347,0.01169633046082347
2016-03-11,2961.0,2936.0,2980.0,2971.0,26568.0,2930.3922,0.6645,0.006623019308233707,0.006623019308233707
2016-03-14,2985.0,2931.0,2985.0,2931.0,24690.0,2935.2941,-1.3201,-0.013288907704019637,-0.013288907704019637
2016-03-15,2931.0,2922.0,2961.0,2941.0,23030.0,2942.1569,0.3344,0.003338421265399446,0.003338421265399446
2016-03-16,2951.0,2931.0,2961.0,2946.0,51910.0,2948.0392,0.1667,0.0016656120977080876,0.0016656120977080876
2016-03-17,2946.0,2946.0,2971.0,2956.0,19876.0,2949.0196,0.3328,0.003322474463928797,0.003322474463928797
2016-03-18,2951.0,2951.0,3010.0,3010.0,57846.0,2956.8627,1.8242,0.01807761089877721,0.01807761089877721
2016-03-21,3010.0,2980.0,3029.0,3015.0,58826.0,2973.5294,0.1629,0.0016276746186690038,0.0016276746186690038
2016-03-22,3025.0,2980.0,3025.0,3010.0,19182.0,2987.2549,-0.1626,-0.0016273233727306046,-0.0016273233727306046
2016-03-23,3005.0,2971.0,3005.0,2971.0,20178.0,2992.1569,-1.3029,-0.013114621945866009,-0.013114621945866009
2016-03-24,2971.0,2882.0,2995.0,2922.0,54600.0,2985.2941,-1.6502,-0.01663967470872596,-0.01663967470872596
2016-03-25,2922.0,2917.0,2941.0,2931.0,17094.0,2969.6078,0.3356,0.003350381199619852,0.003350381199619852
2016-03-28,2951.0,2931.0,2956.0,2946.0,16217.0,2955.8824,0.5017,0.005004456790860542,0.005004456790860542
2016-03-29,2946.0,2941.0,3000.0,2995.0,51758.0,2952.9412,1.6639,0.01650208846617301,0.01650208846617301
2016-03-30,2971.0,2971.0,3010.0,2990.0,30521.0,2956.8627,-0.1637,-0.001638341348558262,-0.001638341348558262
2016-03-31,3005.0,2971.0,3005.0,3000.0,35326.0,2972.549,0.3279,0.003273635802437329,0.003273635802437329
2016-04-01,2980.0,2975.0,3010.0,2995.0,38365.0,2985.2941,-0.1634,-0.001635336434020558,-0.001635336434020558
2016-04-04,3010.0,2956.0,3010.0,3000.0,60192.0,2996.0784,0.1637,0.0016356615759677855,0.0016356615759677855
2016-04-05,3000.0,2980.0,3000.0,3000.0,18148.0,2997.0588,0.0,0.0,0.0
2016-04-06,3000.0,2985.0,3034.0,3029.0,74806.0,3004.902,0.9804,0.009756252615264511,0.009756252615264511
2016-04-07,3025.0,3020.0,3059.0,3059.0,43629.0,3016.6667,0.9709,0.009662170527087777,0.009662170527087777
2016-04-08,3059.0,3049.0,3074.0,3059.0,69494.0,3029.4118,0.0,0.0,0.0
2016-04-11,3069.0,3020.0,3069.0,3059.0,34953.0,3041.1765,0.0,0.0,0.0
2016-04-12,3059.0,3025.0,3064.0,3044.0,40171.0,3050.0,-0.4808,-0.004819595614740692,-0.004819595614740692
2016-04-13,3059.0,3025.0,3064.0,3044.0,40171.0,3050.0,0.0,0.0,0.0
2016-04-14,3044.0,3000.0,3044.0,3020.0,57708.0,3048.0392,-0.8052,-0.008084592426045312,-0.008084592426045312
2016-04-15,3020.0,2995.0,3020.0,3020.0,31461.0,3040.1961,0.0,0.0,0.0
2016-04-18,3020.0,3000.0,3029.0,3020.0,32211.0,3032.3529,0.0,0.0,0.0
2016-04-19,3020.0,3010.0,3064.0,3059.0,28129.0,3032.3529,1.2987,0.012903392015395065,0.012903392015395065
2016-04-20,3059.0,3044.0,3103.0,3078.0,80932.0,3039.2157,0.641,0.006389543321668518,0.006389543321668518
2016-04-21,3088.0,3074.0,3108.0,3108.0,104227.0,3056.8627,0.9554,0.009508649167755847,0.009508649167755847
2016-04-22,3108.0,3078.0,3118.0,3103.0,49252.0,3073.5294,-0.1577,-0.0015782447733438856,-0.0015782447733438856
2016-04-25,3103.0,3074.0,3103.0,3088.0,38549.0,3087.2549,-0.4739,-0.0047502646634169235,-0.0047502646634169235
2016-04-26,3078.0,3059.0,3093.0,3088.0,23022.0,3093.1373,0.0,0.0,0.0
2016-04-27,3064.0,3059.0,3088.0,3059.0,24002.0,3089.2157,-0.9524,-0.009569643323861482,-0.009569643323861482
2016-04-28,3059.0,3039.0,3078.0,3059.0,27037.0,3079.4118,0.0,0.0,0.0
2016-04-29,3059.0,3015.0,3074.0,3020.0,32295.0,3062.7451,-1.2821,-0.012903898342523139,-0.012903898342523139
2016-05-02,3020.0,2985.0,3029.0,3000.0,27689.0,3045.098,-0.6494,-0.00651517775334321,-0.00651517775334321
2016-05-03,3000.0,2975.0,3010.0,3010.0,32021.0,3029.4118,0.3268,0.003262671693448012,0.003262671693448012
2016-05-04,3010.0,2980.0,3010.0,2995.0,37089.0,3016.6667,-0.4886,-0.004897975522191952,-0.004897975522191952
2016-05-05,3010.0,2980.0,3010.0,2995.0,37089.0,3016.6667,0.0,0.0,0.0
2016-05-06,3010.0,2980.0,3010.0,2995.0,37089.0,3016.6667,0.0,0.0,0.0
2016-05-09,2990.0,2971.0,2995.0,2971.0,28456.0,2999.0196,-0.8183,-0.008216664521470449,-0.008216664521470449
2016-05-10,2971.0,2956.0,2990.0,2990.0,14327.0,2993.1373,0.6601,0.00657930880290357,0.00657930880290357
2016-05-11,2990.0,2971.0,2990.0,2990.0,26830.0,2991.1765,0.0,0.0,0.0
2016-05-12,2990.0,2971.0,3010.0,3005.0,109957.0,2990.1961,0.4918,0.004905946142426506,0.004905946142426506
2016-05-13,3294.0,3010.0,3304.0,3020.0,457526.0,2995.098,0.4894,0.004882063311593409,0.004882063311593409
2016-05-16,3020.0,3010.0,3113.0,3044.0,94328.0,3009.8039,0.8117,0.008084234341981182,0.008084234341981182
2016-05-17,3025.0,3005.0,3054.0,3025.0,60147.0,3016.6667,-0.6441,-0.006461832744485888,-0.006461832744485888
2016-05-18,3025.0,2951.0,3025.0,2995.0,44168.0,3017.6471,-0.9724,-0.009771586828832992,-0.009771586828832992
2016-05-19,2966.0,2951.0,2995.0,2956.0,24645.0,3007.8431,-1.3093,-0.013179468912114673,-0.013179468912114673
2016-05-20,2956.0,2956.0,2985.0,2971.0,16572.0,2998.0392,0.4975,0.004962665579745065,0.004962665579745065
2016-05-23,2971.0,2936.0,2980.0,2956.0,32644.0,2980.3922,-0.495,-0.004962291829814967,-0.004962291829814967
2016-05-24,2956.0,2917.0,2956.0,2931.0,28016.0,2961.7647,-0.8292,-0.00832656986686275,-0.00832656986686275
2016-05-25,2931.0,2922.0,2951.0,2926.0,22647.0,2948.0392,-0.1672,-0.0016733993520285956,-0.0016733993520285956
2016-05-26,2926.0,2926.0,3005.0,2946.0,15227.0,2946.0784,0.67,0.006677654753240497,0.006677654753240497
2016-05-27,2966.0,2941.0,2971.0,2971.0,20386.0,2946.0784,0.8319,0.008284587837629694,0.008284587837629694
2016-05-30,2990.0,2980.0,3039.0,3034.0,51492.0,2961.7647,2.1452,0.021225144450489664,0.021225144450489664
2016-05-31,3034.0,3000.0,3054.0,3049.0,20738.0,2985.2941,0.4847,0.004835291115565685,0.004835291115565685
2016-06-01,3049.0,2990.0,3049.0,3005.0,32946.0,3000.9804,-1.4469,-0.014574696770447385,-0.014574696770447385
2016-06-02,3034.0,3000.0,3049.0,3020.0,21835.0,3015.6863,0.4894,0.004882063311593409,0.004882063311593409
2016-06-03,3059.0,3000.0,3059.0,3039.0,29704.0,3029.4118,0.6494,0.006473004828077899,0.006473004828077899
2016-06-06,3059.0,3000.0,3059.0,3039.0,29704.0,3029.4118,0.0,0.0,0.0
2016-06-07,3005.0,3005.0,3054.0,3020.0,35516.0,3026.4706,-0.6452,-0.006472904116082984,-0.006472904116082984
2016-06-08,3000.0,3000.0,3049.0,3034.0,36451.0,3023.5294,0.487,0.0048581799103570794,0.0048581799103570794
2016-06-09,3015.0,3010.0,3054.0,3020.0,29074.0,3026.4706,-0.4847,-0.004858784800540142,-0.004858784800540142
2016-06-10,3020.0,2995.0,3809.0,3147.0,4557144.0,3051.9608,4.2208,0.04134153953336858,0.02934227394661604
2016-06-13,3118.0,3118.0,3431.0,3186.0,1453958.0,3081.3725,1.2461,0.012384000738181505,0.012384000738181505
2016-06-14,3201.0,3103.0,3255.0,3176.0,294621.0,3112.7451,-0.3077,-0.0030817436979049015,-0.0030817436979049015
2016-06-15,3176.0,3098.0,3324.0,3260.0,311017.0,3157.8431,2.6235,0.02589676535612239,0.02589676535612239
2016-06-16,3275.0,3137.0,3294.0,3152.0,180547.0,3184.3137,-3.3083,-0.033642619684221615,-0.029558582241568588
2016-06-17,3127.0,3127.0,3284.0,3206.0,186228.0,3196.0784,1.7107,0.01696232293818744,0.01696232293818744
2016-06-20,3206.0,3162.0,3284.0,3275.0,130169.0,3213.7255,2.1407,0.021181088546477347,0.021181088546477347
2016-06-21,3275.0,3196.0,3314.0,3255.0,141917.0,3229.4118,-0.5988,-0.0060059999638266155,-0.0060059999638266155
2016-06-22,3255.0,3176.0,3314.0,3225.0,115480.0,3222.549,-0.9036,-0.009077072254470802,-0.009077072254470802
2016-06-23,3230.0,3167.0,3230.0,3172.0,57889.0,3226.4706,-1.6717,-0.016858306067129743,-0.016858306067129743
2016-06-24,3176.0,3000.0,3230.0,3074.0,250067.0,3200.0,-3.0912,-0.03139985594135036,-0.029558582241568588
2016-06-27,3039.0,3015.0,3196.0,3157.0,138556.0,3176.4706,2.7113,0.02675195410494647,0.02675195410494647
2016-06-28,3152.0,3088.0,3221.0,3152.0,100304.0,3155.8824,-0.1553,-0.001554207154469167,-0.001554207154469167
2016-06-29,3152.0,3137.0,3765.0,3284.0,4822741.0,3167.6471,4.1991,0.041133306057789476,0.02934227394661604
2016-06-30,3363.0,3206.0,3392.0,3284.0,1177194.0,3190.1961,0.0,0.0,0.0
2016-07-01,3255.0,3245.0,3343.0,3333.0,462702.0,3242.1569,1.4925,0.01481471813801431,0.01481471813801431
2016-07-04,3333.0,3304.0,3412.0,3377.0,626003.0,3286.2745,1.3235,0.01314818256770219,0.01314818256770219
2016-07-05,3377.0,3333.0,3588.0,3422.0,1001903.0,3340.1961,1.3062,0.01297742773717088,0.01297742773717088
2016-07-06,3382.0,3343.0,3456.0,3402.0,195727.0,3363.7255,-0.5731,-0.005747485195108084,-0.005747485195108084
2016-07-07,3402.0,3333.0,3431.0,3358.0,163306.0,3378.4314,-1.2968,-0.013052818594990256,-0.013052818594990256
2016-07-08,3358.0,3333.0,3407.0,3348.0,99815.0,3381.3725,-0.292,-0.0029242715172468014,-0.0029242715172468014
2016-07-11,3338.0,3319.0,3407.0,3392.0,89528.0,3384.3137,1.3177,0.013090938532416224,0.013090938532416224
2016-07-12,3392.0,3348.0,3422.0,3387.0,73898.0,3377.451,-0.1445,-0.0014460450193232949,-0.0014460450193232949
2016-07-13,3412.0,3338.0,3417.0,3397.0,97616.0,3376.4706,0.2894,0.0028898204438153044,0.0028898204438153044
2016-07-14,3412.0,3348.0,3412.0,3392.0,79878.0,3383.3333,-0.1443,-0.001444042127146934,-0.001444042127146934
2016-07-15,3417.0,3363.0,3441.0,3407.0,225762.0,3395.098,0.4335,0.00432563095428325,0.00432563095428325
2016-07-18,3431.0,3368.0,3480.0,3402.0,185698.0,3397.0588,-0.1439,-0.0014400363548290147,-0.0014400363548290147
2016-07-19,3402.0,3319.0,3402.0,3368.0,135395.0,3393.1373,-1.0086,-0.01013720831367307,-0.01013720831367307
2016-07-20,3333.0,3309.0,3368.0,3353.0,97470.0,3384.3137,-0.4367,-0.0043765631963079005,-0.0043765631963079005
2016-07-21,3353.0,3309.0,3382.0,3314.0,83623.0,3368.6275,-1.1696,-0.011764936254147106,-0.011764936254147106
2016-07-22,3304.0,3275.0,3338.0,3279.0,93378.0,3343.1373,-1.0355,-0.010408986019369872,-0.010408986019369872
2016-07-25,3221.0,3216.0,3304.0,3275.0,136588.0,3317.6471,-0.1495,-0.0014961186275378121,-0.0014961186275378121
2016-07-26,3275.0,3275.0,3377.0,3368.0,140705.0,3317.6471,2.8443,0.028046008059787738,0.028046008059787738
2016-07-27,3368.0,3304.0,3382.0,3333.0,57217.0,3313.7255,-1.0189,-0.010241263169870672,-0.010241263169870672
2016-07-28,3353.0,3294.0,3368.0,3358.0,50704.0,3322.549,0.7353,0.007326098486231729,0.007326098486231729
2016-07-29,3377.0,3319.0,3382.0,3338.0,43219.0,3334.3137,-0.5839,-0.005856113610597891,-0.005856113610597891
2016-08-01,3368.0,3299.0,3368.0,3309.0,44022.0,3341.1765,-0.8811,-0.008850046388186596,-0.008850046388186596
2016-08-02,3309.0,3265.0,3333.0,3299.0,52535.0,3327.451,-0.2963,-0.002967398374905284,-0.002967398374905284
2016-08-03,3265.0,3265.0,3319.0,3304.0,34952.0,3321.5686,0.1486,0.0014848969945755986,0.0014848969945755986
2016-08-04,3304.0,3265.0,3338.0,3304.0,52790.0,3310.7843,0.0,0.0,0.0
2016-08-05,3304.0,3235.0,3324.0,3265.0,98303.0,3296.0784,-1.1869,-0.01193999893057391,-0.01193999893057391
2016-08-08,3250.0,3250.0,3338.0,3294.0,59184.0,3293.1373,0.9009,0.008968661054188982,0.008968661054188982
2016-08-09,3284.0,3284.0,3377.0,3377.0,184041.0,3308.8235,2.5298,0.024983302043415367,0.024983302043415367
2016-08-10,3377.0,3343.0,3417.0,3377.0,109722.0,3323.5294,0.0,0.0,0.0
2016-08-11,3426.0,3363.0,3505.0,3461.0,292335.0,3354.902,2.4673,0.0243735373010211,0.0243735373010211
2016-08-12,3500.0,3392.0,3500.0,3426.0,98862.0,3387.2549,-0.9915,-0.009964480953280284,-0.009964480953280284
2016-08-15,3500.0,3392.0,3500.0,3426.0,98862.0,3387.2549,0.0,0.0,0.0
2016-08-16,3377.0,3343.0,3422.0,3373.0,151628.0,3402.9412,-1.5737,-0.01586214121909931,-0.01586214121909931
2016-08-17,3348.0,3348.0,3515.0,3436.0,174818.0,3414.7059,1.8895,0.018718706733142278,0.018718706733142278
2016-08-18,3485.0,3431.0,3564.0,3431.0,242497.0,3425.4902,-0.1427,-0.0014280191341516275,-0.0014280191341516275
2016-08-19,3441.0,3412.0,3461.0,3451.0,55314.0,3423.5294,0.5714,0.005697737023688279,0.005697737023688279
2016-08-22,3397.0,3368.0,3451.0,3392.0,103051.0,3416.6667,-1.7045,-0.017191938112734065,-0.017191938112734065
2016-08-23,3397.0,3284.0,3431.0,3284.0,151467.0,3399.0196,-3.1792,-0.032308338755050486,-0.029558582241568588
2016-08-24,3299.0,3299.0,3510.0,3417.0,198650.0,3395.098,4.0299,0.039508171833075895,0.02934227394661604
2016-08-25,3412.0,3353.0,3441.0,3397.0,80651.0,3388.2353,-0.5739,-0.005755531339747644,-0.005755531339747644
2016-08-26,3397.0,3333.0,3397.0,3392.0,32681.0,3376.4706,-0.1443,-0.001444042127146934,-0.001444042127146934
2016-08-29,3397.0,3284.0,3397.0,3289.0,113501.0,3355.8824,-3.0347,-0.03081700344481261,-0.029558582241568588
2016-08-30,3324.0,3289.0,3343.0,3314.0,64357.0,3361.7647,0.7452,0.0074243710238517426,0.0074243710238517426
2016-08-31,3314.0,3245.0,3348.0,3299.0,85161.0,3338.2353,-0.4438,-0.00444787715604578,-0.00444787715604578
2016-09-01,3299.0,3255.0,3461.0,3387.0,190494.0,3336.2745,2.6746,0.026394578059262677,0.026394578059262677
2016-09-02,3373.0,3348.0,3446.0,3407.0,47852.0,3339.2157,0.5789,0.005772308128016538,0.005772308128016538
2016-09-05,3431.0,3397.0,3485.0,3475.0,221429.0,3376.4706,2.0144,0.019943793802307788,0.019943793802307788
2016-09-06,3456.0,3451.0,3593.0,3520.0,474245.0,3417.6471,1.2694,0.012614106582946982,0.012614106582946982
2016-09-07,3500.0,3446.0,3544.0,3544.0,94556.0,3466.6667,0.6964,0.006939863345649773,0.006939863345649773
2016-09-08,3578.0,3500.0,3593.0,3559.0,217089.0,3500.9804,0.4149,0.004140416632902809,0.004140416632902809
2016-09-09,3529.0,3441.0,3554.0,3480.0,138474.0,3515.6863,-2.2039,-0.022285487043053935,-0.022285487043053935
2016-09-12,3422.0,3402.0,3510.0,3490.0,74790.0,3518.6275,0.2817,0.0028130396912166393,0.0028130396912166393
2016-09-13,3490.0,3475.0,3569.0,3525.0,93110.0,3519.6078,0.9831,0.009782990119815193,0.009782990119815193
2016-09-14,3490.0,3475.0,3569.0,3525.0,93110.0,3519.6078,0.0,0.0,0.0
2016-09-15,3490.0,3475.0,3569.0,3525.0,93110.0,3519.6078,0.0,0.0,0.0
2016-09-16,3490.0,3475.0,3569.0,3525.0,93110.0,3519.6078,0.0,0.0,0.0
2016-09-19,3578.0,3510.0,3578.0,3554.0,147277.0,3521.5686,0.8345,0.008310372995694223,0.008310372995694223
2016-09-20,3578.0,3495.0,3578.0,3525.0,61421.0,3514.7059,-0.8276,-0.008310436215696123,-0.008310436215696123
2016-09-21,3549.0,3451.0,3549.0,3505.0,68957.0,3519.6078,-0.5563,-0.005578531110995407,-0.005578531110995407
2016-09-22,3525.0,3422.0,3525.0,3475.0,89034.0,3516.6667,-0.8392,-0.008427411084384044,-0.008427411084384044
2016-09-23,3490.0,3441.0,3539.0,3529.0,69245.0,3517.6471,1.5515,0.015395872977955864,0.015395872977955864
2016-09-26,3529.0,3495.0,3676.0,3623.0,322817.0,3531.3725,2.6389,0.02604681719249275,0.02604681719249275
2016-09-27,3657.0,3583.0,3819.0,3819.0,498355.0,3590.1961,5.4127,0.052712936219062735,0.02934227394661604
2016-09-28,4020.0,3775.0,4118.0,3794.0,1125086.0,3648.0392,-0.6418,-0.0064386839090474135,-0.0064386839090474135
2016-09-29,3799.0,3725.0,3946.0,3755.0,242491.0,3703.9216,-1.0336,-0.010389787400053157,-0.010389787400053157
2016-09-30,3755.0,3549.0,3843.0,3632.0,312709.0,3724.5098,-3.2637,-0.033181466171902915,-0.029558582241568588
2016-10-03,3755.0,3549.0,3843.0,3632.0,312709.0,3724.5098,0.0,0.0,0.0
2016-10-04,3632.0,3632.0,3843.0,3775.0,191754.0,3754.902,3.9136,0.03838959864250948,0.02934227394661604
2016-10-05,3725.0,3725.0,3804.0,3725.0,72679.0,3736.2745,-1.2987,-0.01307206840945809,-0.01307206840945809
2016-10-06,3730.0,3662.0,3799.0,3696.0,56821.0,3716.6667,-0.7895,-0.007926330524445245,-0.007926330524445245
2016-10-07,3745.0,3613.0,3745.0,3627.0,108903.0,3691.1765,-1.8568,-0.018742549377375784,-0.018742549377375784
2016-10-10,3593.0,3564.0,3657.0,3564.0,51833.0,3677.451,-1.7568,-0.01772414882985487,-0.01772414882985487
2016-10-11,3574.0,3500.0,3613.0,3529.0,97514.0,3628.4314,-0.9629,-0.009675658579051172,-0.009675658579051172
2016-10-12,3529.0,3529.0,3711.0,3672.0,159722.0,3617.6471,4.0278,0.03948798512525324,0.02934227394661604
2016-10-13,3529.0,3529.0,3711.0,3672.0,159722.0,3617.6471,0.0,0.0,0.0
2016-10-14,3529.0,3529.0,3711.0,3672.0,159722.0,3617.6471,0.0,0.0,0.0
2016-10-17,3529.0,3529.0,3711.0,3672.0,159722.0,3617.6471,0.0,0.0,0.0
2016-10-18,3529.0,3529.0,3711.0,3672.0,159722.0,3617.6471,0.0,0.0,0.0
2016-10-19,3529.0,3529.0,3711.0,3672.0,159722.0,3617.6471,0.0,0.0,0.0
2016-10-20,3529.0,3529.0,3711.0,3672.0,159722.0,3617.6471,0.0,0.0,0.0
2016-10-21,3529.0,3529.0,3711.0,3672.0,159722.0,3617.6471,0.0,0.0,0.0
2016-10-24,3529.0,3529.0,3711.0,3672.0,159722.0,3617.6471,0.0,0.0,0.0
2016-10-25,3529.0,3529.0,3711.0,3672.0,159722.0,3617.6471,0.0,0.0,0.0
2016-10-26,3529.0,3529.0,3711.0,3672.0,159722.0,3617.6471,0.0,0.0,0.0
2016-10-27,3529.0,3529.0,3711.0,3672.0,159722.0,3617.6471,0.0,0.0,0.0
2016-10-28,3529.0,3529.0,3711.0,3672.0,159722.0,3617.6471,0.0,0.0,0.0
2016-10-31,3333.0,3255.0,3461.0,3279.0,496210.0,3534.3137,-10.6809,-0.1129548351976645,-0.029558582241568588
2016-11-01,3216.0,3211.0,3333.0,3314.0,67577.0,3471.5686,1.0463,0.010408641654310685,0.010408641654310685
2016-11-02,3250.0,3250.0,3422.0,3289.0,153193.0,3416.6667,-0.7396,-0.007423486016243305,-0.007423486016243305
2016-11-03,3225.0,3225.0,3377.0,3353.0,64268.0,3381.3725,1.9374,0.019188713399404422,0.019188713399404422
2016-11-04,3387.0,3309.0,3422.0,3422.0,45258.0,3331.3725,2.0468,0.02026134559826179,0.02026134559826179
2016-11-07,3412.0,3373.0,3618.0,3520.0,157148.0,3379.4118,2.8653,0.028250179377732595,0.028250179377732595
2016-11-08,3480.0,3461.0,3554.0,3466.0,37260.0,3409.8039,-1.532,-0.015438563689191364,-0.015438563689191364
2016-11-09,3436.0,3250.0,3525.0,3441.0,167871.0,3440.1961,-0.7072,-0.0070971251186342016,-0.0070971251186342016
2016-11-10,3505.0,3451.0,3529.0,3525.0,29675.0,3474.5098,2.4217,0.023928418229202712,0.023928418229202712
2016-11-11,3525.0,3495.0,3593.0,3549.0,49188.0,3500.0,0.6954,0.006929932454719608,0.006929932454719608
2016-11-14,3495.0,3451.0,3569.0,3451.0,52631.0,3486.2745,-2.7624,-0.028012718045906385,-0.028012718045906385
2016-11-15,3475.0,3451.0,3613.0,3529.0,109991.0,3499.0196,2.2727,0.022472589185356315,0.022472589185356315
2016-11-16,3559.0,3495.0,3578.0,3549.0,53225.0,3520.5882,0.5556,0.005540622364467865,0.005540622364467865
2016-11-17,3549.0,3466.0,3593.0,3529.0,36304.0,3521.5686,-0.5525,-0.005540319264513907,-0.005540319264513907
2016-11-18,3534.0,3520.0,3598.0,3544.0,82926.0,3520.5882,0.4167,0.0041583420988160966,0.0041583420988160966
2016-11-21,3510.0,3471.0,3583.0,3485.0,54274.0,3527.451,-1.6598,-0.01673729024594312,-0.01673729024594312
2016-11-22,3475.0,3451.0,3549.0,3534.0,119665.0,3528.4314,1.4065,0.013967005678612416,0.013967005678612416
2016-11-23,3549.0,3480.0,3608.0,3534.0,62984.0,3525.4902,0.0,0.0,0.0
2016-11-24,3554.0,3480.0,3588.0,3520.0,51622.0,3523.5294,-0.4161,-0.0041696810501017,-0.0041696810501017
2016-11-25,3520.0,3402.0,3593.0,3495.0,162718.0,3513.7255,-0.6964,-0.006988361817681654,-0.006988361817681654
2016-11-28,3495.0,3456.0,3515.0,3475.0,21046.0,3511.7647,-0.561,-0.005625795151566827,-0.005625795151566827
2016-11-29,3475.0,3426.0,3490.0,3490.0,29442.0,3502.9412,0.4231,0.004222074486541764,0.004222074486541764
2016-11-30,3490.0,3456.0,3500.0,3485.0,41905.0,3493.1373,-0.1404,-0.0014049865315015643,-0.0014049865315015643
2016-12-01,3485.0,3441.0,3534.0,3520.0,38336.0,3493.1373,0.9845,0.009796853729622315,0.009796853729622315
2016-12-02,3559.0,3510.0,3559.0,3554.0,39027.0,3504.902,0.9749,0.009701785116750222,0.009701785116750222
2016-12-05,3554.0,3520.0,3696.0,3623.0,214570.0,3534.3137,1.931,0.01912592779847648,0.01912592779847648
2016-12-06,3627.0,3623.0,4201.0,3853.0,3808914.0,3606.8627,6.3599,0.0616584401832018,0.02934227394661604
2016-12-07,3814.0,3794.0,4015.0,3912.0,789705.0,3692.1569,1.5267,0.015151632088256362,0.015151632088256362
2016-12-08,3912.0,3775.0,3951.0,3873.0,408203.0,3762.7451,-1.0025,-0.0100755886976043,-0.0100755886976043
2016-12-09,3873.0,3745.0,3961.0,3755.0,278916.0,3802.9412,-3.038,-0.03085103681711567,-0.029558582241568588
2016-12-12,3824.0,3696.0,4005.0,3922.0,362353.0,3862.7451,4.4386,0.04342915292725402,0.02934227394661604
2016-12-13,3931.0,3838.0,3971.0,3858.0,191311.0,3863.7255,-1.625,-0.016383479250524056,-0.016383479250524056
2016-12-14,3858.0,3784.0,3902.0,3789.0,134253.0,3839.2157,-1.7789,-0.017949126091303575,-0.017949126091303575
2016-12-15,3789.0,3789.0,3892.0,3877.0,112134.0,3840.1961,2.3286,0.023019017789582215,0.023019017789582215
2016-12-16,3838.0,3814.0,3990.0,3931.0,239081.0,3875.4902,1.3906,0.013810198702254452,0.013810198702254452
2016-12-19,3975.0,3828.0,3975.0,3907.0,111655.0,3872.549,-0.6234,-0.006253512514278275,-0.006253512514278275
2016-12-20,3907.0,3858.0,4059.0,4054.0,432893.0,3911.7647,3.7641,0.03694986750311458,0.02934227394661604
2016-12-21,4039.0,3863.0,4108.0,3951.0,463494.0,3944.1176,-2.5393,-0.025720966164705795,-0.025720966164705795
2016-12-22,3941.0,3833.0,3946.0,3922.0,171199.0,3952.9412,-0.7444,-0.007471844838715451,-0.007471844838715451
2016-12-23,3922.0,3843.0,4005.0,3897.0,437883.0,3946.0784,-0.625,-0.006269613013595374,-0.006269613013595374
2016-12-26,3926.0,3873.0,3951.0,3912.0,158425.0,3947.0588,0.3774,0.0037668963292258914,0.0037668963292258914
2016-12-27,3902.0,3887.0,3951.0,3912.0,163559.0,3918.6275,0.0,0.0,0.0
2016-12-28,3833.0,3789.0,3892.0,3824.0,156593.0,3893.1373,-2.2556,-0.022814277766251365,-0.022814277766251365
2016-12-29,3794.0,3794.0,3922.0,3922.0,109792.0,3893.1373,2.5641,0.025317782984289588,0.025317782984289588
2016-12-30,3794.0,3794.0,3922.0,3922.0,109792.0,3893.1373,0.0,0.0,0.0
2017-01-02,3922.0,3882.0,3961.0,3922.0,74744.0,3898.0392,0.0,0.0,0.0
2017-01-03,3951.0,3887.0,3951.0,3917.0,66394.0,3899.0196,-0.125,-0.0012507819016526025,-0.0012507819016526025
2017-01-04,3966.0,3662.0,3966.0,3882.0,116737.0,3893.1373,-0.8761,-0.008799603194274285,-0.008799603194274285
2017-01-05,3907.0,3765.0,3907.0,3824.0,123199.0,3893.1373,-1.5152,-0.015267964438601981,-0.015267964438601981
2017-01-06,3799.0,3775.0,3897.0,3868.0,59504.0,3882.3529,1.1538,0.011471944888368517,0.011471944888368517
2017-01-09,3868.0,3848.0,4696.0,4216.0,8531054.0,3941.1765,8.9987,0.08616576956442526,0.02934227394661604
2017-01-10,4186.0,4083.0,4216.0,4127.0,938019.0,3983.3333,-2.093,-0.021152137475563694,-0.021152137475563694
2017-01-11,4162.0,4069.0,4216.0,4069.0,423196.0,4020.5882,-1.4252,-0.014354535138454723,-0.014354535138454723
2017-01-12,4069.0,4005.0,4152.0,4118.0,329412.0,4079.4118,1.2048,0.011976000570507133,0.011976000570507133
2017-01-13,4147.0,3975.0,4172.0,4039.0,361071.0,4113.7255,-1.9048,-0.019231750277477522,-0.019231750277477522
2017-01-16,4064.0,3971.0,4167.0,4098.0,277095.0,4090.1961,1.4563,0.014457977912066591,0.014457977912066591
2017-01-17,4142.0,4118.0,4309.0,4216.0,1559684.0,4107.8431,2.8708,0.028303645930285132,0.028303645930285132
2017-01-18,4255.0,4049.0,4279.0,4069.0,475078.0,4107.8431,-3.4884,-0.03550697761357815,-0.029558582241568588
2017-01-19,4078.0,4000.0,4108.0,4015.0,207561.0,4087.2549,-1.3253,-0.013341604727562007,-0.013341604727562007
2017-01-20,4015.0,4015.0,4265.0,4196.0,556590.0,4118.6275,4.5177,0.0441862490643727,0.02934227394661604
2017-01-23,4186.0,4078.0,4206.0,4083.0,221530.0,4115.6863,-2.6869,-0.02723657070960665,-0.02723657070960665
2017-01-24,4083.0,4005.0,4113.0,4088.0,128789.0,4090.1961,0.12,0.001199280575482187,0.001199280575482187
2017-01-25,4098.0,4000.0,4123.0,4000.0,135886.0,4076.4706,-2.1583,-0.021819319453500307,-0.021819319453500307
2017-01-26,3966.0,3941.0,4137.0,3941.0,259811.0,4061.7647,-1.4706,-0.014815205188132839,-0.014815205188132839
2017-01-27,3966.0,3941.0,4137.0,3941.0,259811.0,4061.7647,0.0,0.0,0.0
2017-01-30,3966.0,3941.0,4137.0,3941.0,259811.0,4061.7647,0.0,0.0,0.0
2017-01-31,3941.0,3897.0,4005.0,3951.0,145464.0,4012.7451,0.2488,0.00248491005213236,0.00248491005213236
2017-02-01,3922.0,3922.0,4020.0,4010.0,92526.0,3998.0392,1.4888,0.014778261577726083,0.014778261577726083
2017-02-02,4010.0,3877.0,4039.0,3877.0,125489.0,3955.8824,-3.3007,-0.03356402243818732,-0.029558582241568588
2017-02-03,3877.0,3775.0,3922.0,3858.0,109782.0,3927.451,-0.5057,-0.005069829896635388,-0.005069829896635388
2017-02-06,3848.0,3824.0,3975.0,3951.0,93433.0,3929.4118,2.4142,0.023855188878260478,0.023855188878260478
2017-02-07,3922.0,3912.0,3951.0,3941.0,54198.0,3927.451,-0.2481,-0.002484082780474459,-0.002484082780474459
2017-02-08,3922.0,3887.0,3956.0,3922.0,62914.0,3909.8039,-0.4975,-0.004987416511046837,-0.004987416511046837
2017-02-09,3897.0,3897.0,3961.0,3941.0,39353.0,3922.549,0.5,0.004987541511038968,0.004987541511038968
2017-02-10,3843.0,3838.0,3946.0,3877.0,72988.0,3926.4706,-1.6169,-0.01630114464773438,-0.01630114464773438
2017-02-13,3877.0,3833.0,3917.0,3833.0,43925.0,3902.9412,-1.1378,-0.011443224664798038,-0.011443224664798038
2017-02-14,3838.0,3755.0,3843.0,3755.0,78450.0,3865.6863,-2.046,-0.02067220526953858,-0.02067220526953858
2017-02-15,3779.0,3716.0,3804.0,3740.0,79475.0,3829.4118,-0.3916,-0.0039236876043355655,-0.0039236876043355655
2017-02-16,3735.0,3735.0,3843.0,3804.0,47178.0,3801.9608,1.7038,0.01689448116680306,0.01689448116680306
2017-02-17,3755.0,3706.0,3804.0,3784.0,56570.0,3783.3333,-0.5155,-0.005168332852808892,-0.005168332852808892
2017-02-20,3784.0,3725.0,3799.0,3765.0,52494.0,3769.6078,-0.5181,-0.005194467918831548,-0.005194467918831548
2017-02-21,3765.0,3740.0,3819.0,3809.0,55468.0,3780.3922,1.1719,0.011650864324191882,0.011650864324191882
2017-02-22,3804.0,3789.0,3882.0,3824.0,65695.0,3797.0588,0.3861,0.0038535654698360193,0.0038535654698360193
2017-02-23,3809.0,3784.0,3887.0,3828.0,49300.0,3801.9608,0.1282,0.0012811789396579938,0.0012811789396579938
2017-02-24,3833.0,3784.0,3877.0,3833.0,53313.0,3811.7647,0.128,0.0012791814983802124,0.0012791814983802124
2017-02-27,3833.0,3819.0,3926.0,3858.0,84216.0,3830.3922,0.6394,0.0063736451020700345,0.0063736451020700345
2017-02-28,3843.0,3745.0,3877.0,3745.0,66197.0,3817.6471,-2.9225,-0.029660557418426766,-0.029558582241568588
2017-03-01,3843.0,3745.0,3877.0,3745.0,66197.0,3817.6471,0.0,0.0,0.0
2017-03-02,3750.0,3745.0,3775.0,3745.0,51472.0,3801.9608,0.0,0.0,0.0
2017-03-03,3745.0,3613.0,3770.0,3618.0,129912.0,3759.8039,-3.4031,-0.03462353638185786,-0.029558582241568588
2017-03-06,3618.0,3618.0,3824.0,3799.0,134423.0,3752.9412,5.0136,0.0489196795914714,0.02934227394661604
2017-03-07,3784.0,3716.0,3833.0,3784.0,59584.0,3738.2353,-0.3871,-0.0038785117119909955,-0.0038785117119909955
2017-03-08,3789.0,3725.0,3794.0,3740.0,50366.0,3737.2549,-1.1658,-0.011726487285535858,-0.011726487285535858
2017-03-09,3740.0,3711.0,3799.0,3745.0,44569.0,3737.2549,0.1311,0.0013101413898434122,0.0013101413898434122
2017-03-10,3745.0,3608.0,3794.0,3784.0,91064.0,3770.5882,1.0471,0.0104165587856963,0.0104165587856963
2017-03-13,3784.0,3696.0,3809.0,3706.0,81899.0,3751.9608,-2.0725,-0.020942777019925075,-0.020942777019925075
2017-03-14,3745.0,3667.0,3745.0,3667.0,77460.0,3728.4314,-1.0582,-0.010638387509868626,-0.010638387509868626
2017-03-15,3667.0,3667.0,3833.0,3819.0,153983.0,3744.1176,4.1444,0.04060821167033004,0.02934227394661604
2017-03-16,3819.0,3814.0,3892.0,3887.0,80330.0,3772.549,1.7972,0.017812412838472725,0.017812412838472725
2017-03-17,3873.0,3824.0,3912.0,3858.0,30000.0,3787.2549,-0.7566,-0.007594767372484964,-0.007594767372484964
2017-03-20,3858.0,3735.0,3882.0,3809.0,44323.0,3807.8431,-1.2706,-0.012787411563387628,-0.012787411563387628
2017-03-21,3809.0,3721.0,3833.0,3745.0,49435.0,3823.5294,-1.6731,-0.01687254418542034,-0.01687254418542034
2017-03-22,3745.0,3681.0,3853.0,3745.0,67333.0,3808.8235,0.0,0.0,0.0
2017-03-23,3745.0,3672.0,3745.0,3721.0,45435.0,3775.4902,-0.6545,-0.006566512429777446,-0.006566512429777446
2017-03-24,3779.0,3667.0,3779.0,3765.0,87551.0,3756.8627,1.1858,0.011788244814500387,0.011788244814500387
2017-03-27,3711.0,3676.0,3770.0,3740.0,64040.0,3743.1373,-0.651,-0.006531282466186479,-0.006531282466186479
2017-03-28,3740.0,3691.0,3775.0,3750.0,53468.0,3744.1176,0.2621,0.0026175711695030305,0.0026175711695030305
2017-03-29,3725.0,3711.0,3779.0,3745.0,29560.0,3744.1176,-0.1307,-0.001307854869457387,-0.001307854869457387
2017-03-30,3725.0,3672.0,3770.0,3735.0,34065.0,3747.0588,-0.2618,-0.002621432954959739,-0.002621432954959739
2017-03-31,3735.0,3706.0,3814.0,3784.0,56320.0,3750.9804,1.3123,0.013037639415787115,0.013037639415787115
2017-04-03,3775.0,3770.0,3848.0,3843.0,126710.0,3771.5686,1.5544,0.015424429509304316,0.015424429509304316
2017-04-04,3990.0,3794.0,3990.0,3794.0,261075.0,3780.3922,-1.2755,-0.012837043401512907,-0.012837043401512907
2017-04-05,3809.0,3809.0,3985.0,3936.0,212629.0,3818.6275,3.7468,0.036783129273555766,0.02934227394661604
2017-04-06,3922.0,3873.0,3961.0,3951.0,98517.0,3861.7647,0.3736,0.003729038485424843,0.003729038485424843
2017-04-07,3946.0,3922.0,4000.0,3956.0,64986.0,3896.0784,0.1241,0.001240230595987847,0.001240230595987847
2017-04-10,3966.0,3745.0,3980.0,3838.0,115858.0,3895.098,-2.974,-0.030191202164229578,-0.029558582241568588
2017-04-11,3848.0,3765.0,3995.0,3814.0,85287.0,3899.0196,-0.6386,-0.006406477725054694,-0.006406477725054694
2017-04-12,3853.0,3775.0,3853.0,3784.0,43792.0,3868.6275,-0.7712,-0.007741891252064517,-0.007741891252064517
2017-04-13,3770.0,3755.0,3833.0,3789.0,42267.0,3836.2745,0.1295,0.001294162210713462,0.001294162210713462
2017-04-14,3789.0,3789.0,3892.0,3858.0,70672.0,3816.6667,1.8111,0.017948949512287916,0.017948949512287916
2017-04-17,3897.0,3843.0,3917.0,3868.0,37148.0,3822.549,0.2541,0.0025377771179076708,0.0025377771179076708
2017-04-18,3892.0,3824.0,3897.0,3868.0,18348.0,3833.3333,0.0,0.0,0.0
2017-04-19,3868.0,3858.0,3946.0,3931.0,96744.0,3862.7451,1.6477,0.016342727170169397,0.016342727170169397
2017-04-20,3956.0,3858.0,3956.0,3882.0,48574.0,3881.3725,-1.2469,-0.012547390294528015,-0.012547390294528015
2017-04-21,3882.0,3833.0,3922.0,3917.0,34859.0,3893.1373,0.8838,0.008799173476181841,0.008799173476181841
2017-04-24,3922.0,3775.0,3922.0,3804.0,64797.0,3880.3922,-2.8786,-0.02920844362429317,-0.02920844362429317
2017-04-25,3789.0,3789.0,3873.0,3814.0,46430.0,3869.6078,0.2577,0.002573685229055259,0.002573685229055259
2017-04-26,3779.0,3775.0,3848.0,3794.0,40452.0,3842.1569,-0.5141,-0.005154260407862005,-0.005154260407862005
2017-04-27,3794.0,3765.0,3828.0,3794.0,33188.0,3824.5098,0.0,0.0,0.0
2017-04-28,3794.0,3770.0,3809.0,3770.0,16926.0,3795.098,-0.646,-0.0064809560996891965,-0.0064809560996891965
2017-05-01,3794.0,3770.0,3809.0,3770.0,16926.0,3795.098,0.0,0.0,0.0
2017-05-02,3775.0,3745.0,3784.0,3745.0,43701.0,3783.3333,-0.6502,-0.0065232300773446225,-0.0065232300773446225
2017-05-03,3775.0,3745.0,3784.0,3745.0,43701.0,3783.3333,0.0,0.0,0.0
2017-05-04,3745.0,3735.0,3784.0,3745.0,23340.0,3769.6078,0.0,0.0,0.0
2017-05-05,3745.0,3735.0,3784.0,3745.0,23340.0,3769.6078,0.0,0.0,0.0
2017-05-08,3745.0,3725.0,3794.0,3784.0,27546.0,3767.6471,1.0471,0.0104165587856963,0.0104165587856963
2017-05-09,3745.0,3725.0,3794.0,3784.0,27546.0,3767.6471,0.0,0.0,0.0
2017-05-10,3789.0,3750.0,3794.0,3794.0,30008.0,3767.6471,0.2591,0.002587649146293302,0.002587649146293302
2017-05-11,3794.0,3745.0,3814.0,3765.0,37958.0,3766.6667,-0.7752,-0.007782202942056883,-0.007782202942056883
2017-05-12,3765.0,3750.0,3799.0,3770.0,27965.0,3771.5686,0.1302,0.0013011531330007688,0.0013011531330007688
2017-05-15,3770.0,3730.0,3819.0,3775.0,34956.0,3777.451,0.13,0.0012991557316201288,0.0012991557316201288
2017-05-16,3760.0,3755.0,3794.0,3755.0,37835.0,3771.5686,-0.5195,-0.005208540929611665,-0.005208540929611665
2017-05-17,3755.0,3745.0,3946.0,3784.0,241146.0,3769.6078,0.7833,0.007802481320449176,0.007802481320449176
2017-05-18,3784.0,3735.0,3804.0,3760.0,64596.0,3768.6275,-0.6477,-0.00649806678012595,-0.00649806678012595
2017-05-19,3740.0,3730.0,3784.0,3755.0,47381.0,3765.6863,-0.1304,-0.001304850947837735,-0.001304850947837735
2017-05-22,3735.0,3701.0,3779.0,3716.0,44675.0,3753.9216,-1.0444,-0.01049892130139529,-0.01049892130139529
2017-05-23,3735.0,3716.0,3799.0,3721.0,33919.0,3747.0588,0.1319,0.0013181308836590952,0.0013181308836590952
2017-05-24,3721.0,3706.0,3735.0,3730.0,19454.0,3736.2745,0.2635,0.0026315344739391584,0.0026315344739391584
2017-05-25,3745.0,3706.0,3794.0,3784.0,66254.0,3741.1765,1.4455,0.014351522473916715,0.014351522473916715
2017-05-26,3819.0,3676.0,3971.0,3755.0,394855.0,3741.1765,-0.7772,-0.0078023593964566314,-0.0078023593964566314
2017-05-29,3740.0,3740.0,3848.0,3765.0,56738.0,3750.9804,0.2611,0.00260759726124688,0.00260759726124688
2017-05-30,3804.0,3740.0,3843.0,3750.0,32261.0,3756.8627,-0.3906,-0.003913648340775633,-0.003913648340775633
2017-05-31,3755.0,3750.0,3819.0,3804.0,43791.0,3771.5686,1.4379,0.014276602593792728,0.014276602593792728
2017-06-01,3770.0,3765.0,3828.0,3814.0,42901.0,3777.451,0.2577,0.002573685229055259,0.002573685229055259
2017-06-02,3819.0,3775.0,3863.0,3863.0,89864.0,3799.0196,1.2853,0.012771101212374585,0.012771101212374585
2017-06-05,3858.0,3858.0,3971.0,3936.0,142586.0,3833.3333,1.9036,0.01885708237022217,0.01885708237022217
2017-06-06,3858.0,3858.0,3971.0,3936.0,142586.0,3833.3333,0.0,0.0,0.0
2017-06-07,3902.0,3902.0,3980.0,3902.0,53761.0,3863.7255,-0.8717,-0.008755215288357208,-0.008755215288357208
2017-06-08,3922.0,3892.0,3966.0,3931.0,36836.0,3889.2157,0.7538,0.007509731249016383,0.007509731249016383
2017-06-09,3941.0,3922.0,3975.0,3956.0,51734.0,3917.6471,0.6234,0.006214649003101918,0.006214649003101918
2017-06-12,3975.0,3877.0,3975.0,3922.0,41900.0,3929.4118,-0.8674,-0.008711838102026713,-0.008711838102026713
2017-06-13,3922.0,3863.0,3971.0,3936.0,39810.0,3929.4118,0.375,0.003742986278834297,0.003742986278834297
2017-06-14,3941.0,3789.0,3951.0,3873.0,31719.0,3923.5294,-1.6189,-0.016321473549029138,-0.016321473549029138
2017-06-15,3873.0,3833.0,4049.0,3833.0,261929.0,3903.9216,-1.0127,-0.010178626910730045,-0.010178626910730045
2017-06-16,3828.0,3750.0,3892.0,3824.0,38106.0,3877.451,-0.2558,-0.002561277272034174,-0.002561277272034174
2017-06-19,3824.0,3814.0,3892.0,3882.0,35161.0,3869.6078,1.5385,0.015267850918595465,0.015267850918595465
2017-06-20,3887.0,3824.0,3897.0,3858.0,14630.0,3853.9216,-0.6313,-0.006333011249636201,-0.006333011249636201
2017-06-21,3853.0,3760.0,3873.0,3779.0,37772.0,3835.2941,-2.033,-0.02053949871925468,-0.02053949871925468
2017-06-22,3760.0,3735.0,3814.0,3809.0,52917.0,3830.3922,0.7782,0.007751876418212482,0.007751876418212482
2017-06-23,3809.0,3775.0,3833.0,3799.0,14436.0,3825.4902,-0.2574,-0.002577318433655253,-0.002577318433655253
2017-06-26,3799.0,3784.0,3833.0,3819.0,32229.0,3812.7451,0.5161,0.005147727685523841,0.005147727685523841
2017-06-27,3843.0,3789.0,3843.0,3824.0,16746.0,3805.8824,0.1284,0.0012831763769460113,0.0012831763769460113
2017-06-28,3824.0,3775.0,3824.0,3779.0,18740.0,3805.8824,-1.1538,-0.01160507919434695,-0.01160507919434695
2017-06-29,3779.0,3750.0,3868.0,3819.0,16776.0,3807.8431,1.0376,0.010322538802916864,0.010322538802916864
2017-06-30,3828.0,3775.0,3828.0,3819.0,6440.0,3811.7647,0.0,0.0,0.0
2017-07-03,3819.0,3784.0,3843.0,3824.0,8631.0,3812.7451,0.1284,0.0012831763769460113,0.0012831763769460113
2017-07-04,3784.0,3775.0,3824.0,3784.0,15202.0,3804.902,-1.0256,-0.010308955151175182,-0.010308955151175182
2017-07-05,3779.0,3765.0,3809.0,3804.0,10097.0,3809.8039,0.5181,0.005167624797558302,0.005167624797558302
2017-07-06,3804.0,3794.0,3843.0,3843.0,24047.0,3814.7059,1.0309,0.010256224656946965,0.010256224656946965
2017-07-07,3804.0,3794.0,3848.0,3824.0,22160.0,3815.6863,-0.5102,-0.005115059641130294,-0.005115059641130294
2017-07-10,3843.0,3755.0,3843.0,3770.0,10884.0,3804.902,-1.4103,-0.014203392310730955,-0.014203392310730955
2017-07-11,3770.0,3770.0,3814.0,3804.0,13742.0,3808.8235,0.9103,0.0090618174301166,0.0090618174301166
2017-07-12,3784.0,3775.0,3824.0,3799.0,36959.0,3807.8431,-0.1289,-0.0012898314750910498,-0.0012898314750910498
2017-07-13,3799.0,3794.0,3838.0,3824.0,11198.0,3803.9216,0.6452,0.006431274945600979,0.006431274945600979
2017-07-14,3833.0,3804.0,3853.0,3848.0,66181.0,3808.8235,0.641,0.006389543321668518,0.006389543321668518
2017-07-17,3868.0,3833.0,3873.0,3848.0,38443.0,3824.5098,0.0,0.0,0.0
2017-07-18,3848.0,3804.0,3863.0,3863.0,20913.0,3836.2745,0.3822,0.0038147147150058933,0.0038147147150058933
2017-07-19,3873.0,3843.0,3882.0,3863.0,23695.0,3849.0196,0.0,0.0,0.0
2017-07-20,3882.0,3863.0,3912.0,3907.0,78785.0,3865.6863,1.1421,0.01135627274658947,0.01135627274658947
2017-07-21,3922.0,3897.0,3941.0,3926.0,41009.0,3881.3725,0.5019,0.0050064468049698,0.0050064468049698
2017-07-24,3941.0,3882.0,3946.0,3917.0,14404.0,3895.098,-0.2497,-0.002500122703844085,-0.002500122703844085
2017-07-25,3931.0,3843.0,3941.0,3897.0,26081.0,3901.9608,-0.5006,-0.0050185719924794375,-0.0050185719924794375
2017-07-26,3897.0,3828.0,3897.0,3863.0,12073.0,3901.9608,-0.8805,-0.008843993070564904,-0.008843993070564904
2017-07-27,3863.0,3828.0,3877.0,3873.0,8504.0,3895.098,0.2538,0.00253478471710952,0.00253478471710952
2017-07-28,3912.0,3824.0,3936.0,3833.0,14028.0,3876.4706,-1.0127,-0.010178626910730045,-0.010178626910730045
2017-07-31,3897.0,3770.0,3897.0,3838.0,48165.0,3860.7843,0.1279,0.0012781827762452663,0.0012781827762452663
2017-08-01,3892.0,3828.0,3892.0,3843.0,12806.0,3850.0,0.1277,0.0012761853289828095,0.0012761853289828095
2017-08-02,3819.0,3819.0,3882.0,3853.0,22903.0,3848.0392,0.2551,0.0025477517225643634,0.0025477517225643634
2017-08-03,3887.0,3794.0,3956.0,3922.0,141391.0,3857.8431,1.7812,0.017655225238678643,0.017655225238678643
2017-08-04,3956.0,3775.0,4176.0,4010.0,528164.0,3893.1373,2.25,0.022250608934819723,0.022250608934819723
2017-08-07,4034.0,3941.0,4064.0,4010.0,104791.0,3927.451,0.0,0.0,0.0
2017-08-08,4059.0,4010.0,4108.0,4088.0,193487.0,3976.4706,1.956,0.019371161679256513,0.019371161679256513
2017-08-09,4083.0,3897.0,4088.0,3971.0,234052.0,4000.0,-2.8777,-0.029199176914484832,-0.029199176914484832
2017-08-10,3971.0,3819.0,4000.0,3868.0,109250.0,3989.2157,-2.5926,-0.02626800286624048,-0.02626800286624048
2017-08-11,3824.0,3789.0,3863.0,3799.0,97490.0,3947.0588,-1.7744,-0.017903312137688733,-0.017903312137688733
2017-08-14,3804.0,3804.0,3858.0,3824.0,41281.0,3909.8039,0.6452,0.006431274945600979,0.006431274945600979
2017-08-15,3804.0,3804.0,3858.0,3824.0,41281.0,3909.8039,0.0,0.0,0.0
2017-08-16,3824.0,3804.0,3853.0,3828.0,91780.0,3857.8431,0.1282,0.0012811789396579938,0.0012811789396579938
2017-08-17,3824.0,3819.0,3853.0,3838.0,37804.0,3831.3725,0.2561,0.00255772622772931,0.00255772622772931
2017-08-18,3833.0,3833.0,3922.0,3917.0,47837.0,3841.1765,2.0434,0.020228026996973722,0.020228026996973722
2017-08-21,3917.0,3833.0,3941.0,3912.0,17369.0,3863.7255,-0.1252,-0.0012527844067865834,-0.0012527844067865834
2017-08-22,3936.0,3789.0,4020.0,3814.0,228479.0,3861.7647,-2.5063,-0.0253824254565691,-0.0253824254565691
2017-08-23,3828.0,3824.0,3877.0,3833.0,50774.0,3862.7451,0.5141,0.005127830177586657,0.005127830177586657
2017-08-24,3833.0,3804.0,3868.0,3809.0,32263.0,3856.8627,-0.6394,-0.006414529173812307,-0.006414529173812307
2017-08-25,3814.0,3809.0,3853.0,3848.0,41610.0,3843.1373,1.0296,0.010243357223678218,0.010243357223678218
2017-08-28,3848.0,3814.0,3877.0,3843.0,24872.0,3829.4118,-0.1274,-0.001274812227925538,-0.001274812227925538
2017-08-29,3809.0,3794.0,3833.0,3824.0,39490.0,3831.3725,-0.5102,-0.005115059641130294,-0.005115059641130294
2017-08-30,3824.0,3794.0,3828.0,3799.0,24957.0,3824.5098,-0.641,-0.006430632265807622,-0.006430632265807622
2017-08-31,3799.0,3775.0,3833.0,3799.0,64918.0,3822.549,0.0,0.0,0.0
2017-09-01,3819.0,3779.0,3828.0,3804.0,86000.0,3813.7255,0.129,0.00128916866487142,0.00128916866487142
2017-09-04,3775.0,3725.0,3799.0,3745.0,68166.0,3794.1176,-1.5464,-0.015584814786335308,-0.015584814786335308
2017-09-05,3745.0,3730.0,3784.0,3779.0,57950.0,3785.2941,0.9162,0.009120283488851817,0.009120283488851817
2017-09-06,3745.0,3725.0,3770.0,3770.0,24377.0,3779.4118,-0.2594,-0.002597370247543029,-0.002597370247543029
2017-09-07,3784.0,3784.0,3833.0,3824.0,40068.0,3784.3137,1.4304,0.014202662998465124,0.014202662998465124
2017-09-08,3824.0,3770.0,3824.0,3814.0,29817.0,3786.2745,-0.2564,-0.00256729267748762,-0.00256729267748762
2017-09-11,3814.0,3775.0,3833.0,3824.0,13990.0,3801.9608,0.2571,0.002567700633404496,0.002567700633404496
2017-09-12,3824.0,3799.0,3824.0,3819.0,7051.0,3809.8039,-0.1282,-0.0012828224650085808,-0.0012828224650085808
2017-09-13,3824.0,3789.0,3824.0,3819.0,9116.0,3819.6078,0.0,0.0,0.0
2017-09-14,3789.0,3770.0,3819.0,3814.0,28183.0,3817.6471,-0.1284,-0.0012848250343049353,-0.0012848250343049353
2017-09-15,3814.0,3770.0,3843.0,3838.0,23974.0,3822.549,0.6427,0.006406434903053735,0.006406434903053735
2017-09-18,3843.0,3784.0,3868.0,3824.0,16201.0,3822.549,-0.3831,-0.003838357076484356,-0.003838357076484356
2017-09-19,3824.0,3755.0,3824.0,3789.0,86842.0,3816.6667,-0.8974,-0.009014508871184075,-0.009014508871184075
2017-09-20,3789.0,3745.0,3789.0,3770.0,17422.0,3806.8627,-0.5175,-0.005188436689124154,-0.005188436689124154
2017-09-21,3750.0,3730.0,3775.0,3760.0,52426.0,3796.0784,-0.2601,-0.002604388477395078,-0.002604388477395078
2017-09-22,3730.0,3706.0,3755.0,3730.0,34257.0,3774.5098,-0.7823,-0.007853760194188195,-0.007853760194188195
2017-09-25,3691.0,3637.0,3750.0,3672.0,37906.0,3744.1176,-1.5769,-0.015894653383223614,-0.015894653383223614
2017-09-26,3647.0,3627.0,3676.0,3662.0,8369.0,3718.6275,-0.267,-0.0026735708074534527,-0.0026735708074534527
2017-09-27,3662.0,3608.0,3701.0,3637.0,46634.0,3692.1569,-0.6693,-0.006715498569308692,-0.006715498569308692
2017-09-28,3637.0,3598.0,3672.0,3637.0,57561.0,3667.6471,0.0,0.0,0.0
2017-09-29,3637.0,3623.0,3725.0,3696.0,36806.0,3660.7843,1.6173,0.016043610251598388,0.016043610251598388
2017-10-02,3637.0,3623.0,3725.0,3696.0,36806.0,3660.7843,0.0,0.0,0.0
2017-10-03,3637.0,3623.0,3725.0,3696.0,36806.0,3660.7843,0.0,0.0,0.0
2017-10-04,3637.0,3623.0,3725.0,3696.0,36806.0,3660.7843,0.0,0.0,0.0
2017-10-05,3637.0,3623.0,3725.0,3696.0,36806.0,3660.7843,0.0,0.0,0.0
2017-10-06,3637.0,3623.0,3725.0,3696.0,36806.0,3660.7843,0.0,0.0,0.0
2017-10-09,3637.0,3623.0,3725.0,3696.0,36806.0,3660.7843,0.0,0.0,0.0
2017-10-10,3696.0,3696.0,3770.0,3745.0,14537.0,3675.4902,1.3263,0.013175816446444432,0.013175816446444432
2017-10-11,3691.0,3691.0,3750.0,3750.0,20612.0,3693.1373,0.1309,0.0013081440064156445,0.0013081440064156445
2017-10-12,3716.0,3716.0,3765.0,3745.0,5096.0,3714.7059,-0.1307,-0.001307854869457387,-0.001307854869457387
2017-10-13,3745.0,3706.0,3755.0,3735.0,8001.0,3734.3137,-0.2618,-0.002621432954959739,-0.002621432954959739
2017-10-16,3735.0,3716.0,3750.0,3740.0,12974.0,3743.1373,0.1312,0.0013111400800611096,0.0013111400800611096
2017-10-17,3740.0,3691.0,3740.0,3716.0,16239.0,3737.2549,-0.6553,-0.006574565167154581,-0.006574565167154581
2017-10-18,3716.0,3672.0,3716.0,3701.0,9277.0,3727.451,-0.3958,-0.003965853611913609,-0.003965853611913609
2017-10-19,3701.0,3657.0,3701.0,3686.0,11608.0,3715.6863,-0.3974,-0.003981917320582551,-0.003981917320582551
2017-10-20,3657.0,3657.0,3725.0,3725.0,11260.0,3713.7255,1.0638,0.010581814593651324,0.010581814593651324
2017-10-23,3725.0,3676.0,3804.0,3760.0,20337.0,3717.6471,0.9211,0.00916883744791668,0.00916883744791668
2017-10-24,3755.0,3701.0,3770.0,3750.0,18468.0,3724.5098,-0.2608,-0.0026114067565031337,-0.0026114067565031337
2017-10-25,3750.0,3711.0,3770.0,3765.0,34857.0,3737.2549,0.3922,0.003914329008543995,0.003914329008543995
2017-10-26,3765.0,3725.0,3809.0,3725.0,24579.0,3745.098,-1.0417,-0.010471636709457407,-0.010471636709457407
2017-10-27,3725.0,3721.0,3765.0,3755.0,23239.0,3750.9804,0.7895,0.00786399755678618,0.00786399755678618
2017-10-30,3755.0,3721.0,3760.0,3745.0,29748.0,3748.0392,-0.2611,-0.0026144146054850295,-0.0026144146054850295
2017-10-31,3745.0,3676.0,3765.0,3686.0,52968.0,3735.2941,-1.5707,-0.015831662025210698,-0.015831662025210698
2017-11-01,3691.0,3691.0,3745.0,3735.0,14794.0,3729.4118,1.3298,0.013210357721050513,0.013210357721050513
2017-11-02,3735.0,3735.0,3848.0,3824.0,151854.0,3749.0196,2.3622,0.02334731784314396,0.02334731784314396
2017-11-03,3853.0,3784.0,3853.0,3799.0,28860.0,3757.8431,-0.641,-0.006430632265807622,-0.006430632265807622
2017-11-06,3843.0,3804.0,3912.0,3804.0,61555.0,3769.6078,0.129,0.00128916866487142,0.00128916866487142
2017-11-07,3804.0,3779.0,3838.0,3804.0,11289.0,3793.1373,0.0,0.0,0.0
2017-11-08,3804.0,3779.0,3819.0,3804.0,8193.0,3806.8627,0.0,0.0,0.0
2017-11-09,3824.0,3794.0,3838.0,3828.0,33000.0,3807.8431,0.6443,0.0064223326013654524,0.0064223326013654524
2017-11-10,3824.0,3789.0,3838.0,3824.0,12290.0,3812.7451,-0.128,-0.001280819899722391,-0.001280819899722391
2017-11-13,3828.0,3814.0,3848.0,3833.0,29708.0,3818.6275,0.2564,0.002560718559878156,0.002560718559878156
2017-11-14,3868.0,3824.0,3956.0,3956.0,148413.0,3849.0196,3.1969,0.03146862784850841,0.02934227394661604
2017-11-15,3961.0,3931.0,3990.0,3941.0,53849.0,3876.4706,-0.3717,-0.0037239252104976643,-0.0037239252104976643
2017-11-16,3941.0,3882.0,3985.0,3975.0,45722.0,3905.8824,0.8706,0.008668321311185048,0.008668321311185048
2017-11-17,3971.0,3863.0,3995.0,3917.0,43162.0,3924.5098,-1.4797,-0.014907567673398885,-0.014907567673398885
2017-11-20,3946.0,3936.0,4000.0,3975.0,51578.0,3952.9412,1.5019,0.014907331530370951,0.014907331530370951
2017-11-21,3975.0,3931.0,4000.0,3961.0,36065.0,3953.9216,-0.3699,-0.0037058582180893623,-0.0037058582180893623
2017-11-22,3961.0,3912.0,3980.0,3922.0,34935.0,3950.0,-0.9901,-0.009950340853168182,-0.009950340853168182
2017-11-23,3922.0,3907.0,3951.0,3941.0,33690.0,3943.1373,0.5,0.004987541511038968,0.004987541511038968
2017-11-24,3941.0,3912.0,3956.0,3951.0,40352.0,3950.0,0.2488,0.00248491005213236,0.00248491005213236
2017-11-27,3980.0,3971.0,4034.0,4025.0,140696.0,3959.8039,1.861,0.018438952816603352,0.018438952816603352
2017-11-28,4025.0,3946.0,4025.0,3995.0,38748.0,3966.6667,-0.7308,-0.007334834248388426,-0.007334834248388426
2017-11-29,4010.0,3971.0,4010.0,3985.0,13116.0,3979.4118,-0.2454,-0.00245701599317515,-0.00245701599317515
2017-11-30,3985.0,3946.0,4005.0,3985.0,34668.0,3988.2353,0.0,0.0,0.0
2017-12-01,3985.0,3936.0,3985.0,3951.0,33286.0,3988.2353,-0.861,-0.008647280192550842,-0.008647280192550842
2017-12-04,3951.0,3931.0,3990.0,3985.0,19203.0,3980.3922,0.8685,0.008647502342526214,0.008647502342526214
2017-12-05,3985.0,3961.0,3990.0,3980.0,10030.0,3977.451,-0.123,-0.0012307570708617334,-0.0012307570708617334
2017-12-06,3980.0,3956.0,4000.0,3971.0,44065.0,3974.5098,-0.2463,-0.0024660381742073155,-0.0024660381742073155
2017-12-07,3971.0,3926.0,3995.0,3951.0,26416.0,3967.6471,-0.4938,-0.0049502322070398095,-0.0049502322070398095
2017-12-08,3936.0,3917.0,3961.0,3936.0,43758.0,3964.7059,-0.3722,-0.0037289438774293603,-0.0037289438774293603
2017-12-11,3931.0,3902.0,3946.0,3936.0,64103.0,3954.902,0.0,0.0,0.0
2017-12-12,3936.0,3917.0,3961.0,3931.0,45890.0,3945.098,-0.1245,-0.0012457756563616698,-0.0012457756563616698
2017-12-13,3922.0,3922.0,4015.0,4015.0,57457.0,3953.9216,2.1197,0.02097546866054749,0.02097546866054749
2017-12-14,4069.0,4025.0,4113.0,4098.0,97164.0,3983.3333,2.0757,0.02054450889670368,0.02054450889670368
2017-12-15,4103.0,4064.0,4103.0,4088.0,55755.0,4013.7255,-0.2392,-0.0023948654022734315,-0.0023948654022734315
2017-12-18,4118.0,4088.0,4132.0,4098.0,139572.0,4046.0784,0.2398,0.0023951293862385387,0.0023951293862385387
2017-12-19,4127.0,4054.0,4127.0,4093.0,86852.0,4078.4314,-0.1196,-0.001196715778771166,-0.001196715778771166
2017-12-20,4093.0,4064.0,4113.0,4093.0,56142.0,4094.1176,0.0,0.0,0.0
2017-12-21,4123.0,4044.0,4127.0,4078.0,84892.0,4090.1961,-0.3593,-0.003599470327741123,-0.003599470327741123
2017-12-22,4078.0,4039.0,4108.0,4103.0,83700.0,4093.1373,0.601,0.005992011985995387,0.005992011985995387
2017-12-26,4103.0,4083.0,4152.0,4127.0,336732.0,4099.0196,0.5974,0.005956226413143925,0.005956226413143925
2017-12-27,4059.0,3926.0,4059.0,3926.0,112405.0,4065.6863,-4.8694,-0.04991950163099074,-0.029558582241568588
2017-12-28,3926.0,3848.0,3926.0,3858.0,78722.0,4018.6275,-1.7478,-0.017632543631908283,-0.017632543631908283
2017-12-29,3926.0,3848.0,3926.0,3858.0,78722.0,4018.6275,0.0,0.0,0.0
2018-01-02,3843.0,3760.0,3897.0,3794.0,106155.0,3961.7647,-1.6518,-0.016655943303221447,-0.016655943303221447
2018-01-03,3794.0,3794.0,3897.0,3809.0,55781.0,3902.9412,0.3876,0.0038685076659507266,0.0038685076659507266
2018-01-04,3843.0,3809.0,3843.0,3814.0,28708.0,3840.1961,0.1287,0.001286172525397155,0.001286172525397155
2018-01-05,3814.0,3779.0,3853.0,3789.0,46376.0,3812.7451,-0.6427,-0.0064477420851836355,-0.0064477420851836355
2018-01-08,3794.0,3725.0,3819.0,3735.0,128453.0,3788.2353,-1.423,-0.014332217310262445,-0.014332217310262445
2018-01-09,3765.0,3716.0,3765.0,3740.0,36965.0,3777.451,0.1312,0.0013111400800611096,0.0013111400800611096
2018-01-10,3750.0,3716.0,3779.0,3779.0,38591.0,3771.5686,1.0485,0.010430413614797384,0.010430413614797384
2018-01-11,3784.0,3725.0,3789.0,3784.0,39999.0,3765.6863,0.1297,0.0012961596220684042,0.0012961596220684042
2018-01-12,3794.0,3706.0,3794.0,3755.0,31322.0,3758.8235,-0.7772,-0.0078023593964566314,-0.0078023593964566314
2018-01-15,3755.0,3716.0,3775.0,3745.0,23805.0,3760.7843,-0.2611,-0.0026144146054850295,-0.0026144146054850295
2018-01-16,3745.0,3725.0,3750.0,3730.0,23065.0,3758.8235,-0.3927,-0.003934730910661417,-0.003934730910661417
2018-01-17,3745.0,3725.0,3765.0,3760.0,19866.0,3754.902,0.7884,0.007853083661959324,0.007853083661959324
2018-01-18,3789.0,3755.0,3794.0,3779.0,30186.0,3753.9216,0.5215,0.005201448979463866,0.005201448979463866
2018-01-19,3779.0,3725.0,3789.0,3779.0,53847.0,3758.8235,0.0,0.0,0.0
2018-01-22,3804.0,3745.0,3897.0,3794.0,74216.0,3768.6275,0.3891,0.0038834496387995456,0.0038834496387995456
2018-01-23,3824.0,3794.0,3848.0,3838.0,101088.0,3790.1961,1.1628,0.011560914355094718,0.011560914355094718
2018-01-24,3858.0,3824.0,3863.0,3843.0,17287.0,3806.8627,0.1277,0.0012761853289828095,0.0012761853289828095
2018-01-25,3863.0,3794.0,3868.0,3824.0,75030.0,3815.6863,-0.5102,-0.005115059641130294,-0.005115059641130294
2018-01-26,3814.0,3789.0,3877.0,3873.0,73616.0,3834.3137,1.2821,0.012739506789972271,0.012739506789972271
2018-01-29,3892.0,3892.0,4044.0,4020.0,267384.0,3879.4118,3.7975,0.03727169967523401,0.02934227394661604
2018-01-30,4049.0,3961.0,4049.0,4000.0,93343.0,3911.7647,-0.4878,-0.004889936274585196,-0.004889936274585196
2018-01-31,3971.0,3931.0,3995.0,3985.0,38809.0,3940.1961,-0.3676,-0.0036827730916847287,-0.0036827730916847287
2018-02-01,3985.0,3936.0,4029.0,4015.0,46389.0,3978.4314,0.738,0.007352901045182832,0.007352901045182832
2018-02-02,4005.0,3946.0,4025.0,3990.0,33235.0,4001.9608,-0.6105,-0.0061237117080230295,-0.0061237117080230295
2018-02-05,3941.0,3892.0,3941.0,3912.0,27825.0,3980.3922,-1.9656,-0.019851748502606428,-0.019851748502606428
2018-02-06,3819.0,3775.0,3877.0,3804.0,87424.0,3941.1765,-2.7569,-0.02795615716350038,-0.02795615716350038
2018-02-07,3833.0,3760.0,3877.0,3838.0,60647.0,3911.7647,0.9021,0.008980553840718462,0.008980553840718462
2018-02-08,3838.0,3809.0,3877.0,3858.0,23432.0,3880.3922,0.5109,0.005095993341369535,0.005095993341369535
2018-02-09,3804.0,3779.0,3902.0,3873.0,58103.0,3856.8627,0.3812,0.0038047527398648584,0.0038047527398648584
2018-02-12,3887.0,3833.0,3912.0,3833.0,23311.0,3841.1765,-1.0127,-0.010178626910730045,-0.010178626910730045
2018-02-13,3824.0,3819.0,3882.0,3833.0,20164.0,3847.0588,0.0,0.0,0.0
2018-02-14,3833.0,3814.0,3868.0,3863.0,22568.0,3851.9608,0.7673,0.007643712256664658,0.007643712256664658
2018-02-15,3833.0,3814.0,3868.0,3863.0,22568.0,3851.9608,0.0,0.0,0.0
2018-02-16,3833.0,3814.0,3868.0,3863.0,22568.0,3851.9608,0.0,0.0,0.0
2018-02-19,3863.0,3853.0,3990.0,3951.0,72230.0,3870.5882,2.2843,0.022586005006007135,0.022586005006007135
2018-02-20,3951.0,3912.0,3971.0,3946.0,17909.0,3885.2941,-0.1241,-0.0012417706781737731,-0.0012417706781737731
2018-02-21,3936.0,3917.0,3985.0,3956.0,65749.0,3909.8039,0.2484,0.0024809199714727593,0.0024809199714727593
2018-02-22,3961.0,3887.0,3975.0,3917.0,36290.0,3926.4706,-0.9913,-0.009962460926737077,-0.009962460926737077
2018-02-23,3917.0,3892.0,3931.0,3907.0,23049.0,3935.2941,-0.2503,-0.0025061377414381495,-0.0025061377414381495
2018-02-26,3907.0,3877.0,3985.0,3912.0,33930.0,3927.451,0.1255,0.0012542131457659105,0.0012542131457659105
2018-02-27,3912.0,3848.0,3951.0,3892.0,39334.0,3916.6667,-0.5013,-0.005025607235529617,-0.005025607235529617
2018-02-28,3892.0,3873.0,3912.0,3907.0,24209.0,3906.8627,0.3778,0.00377088128204417,0.00377088128204417
2018-03-01,3892.0,3873.0,3912.0,3907.0,24209.0,3906.8627,0.0,0.0,0.0
2018-03-02,3907.0,3887.0,4015.0,4000.0,105976.0,3923.5294,2.3839,0.0235592876934243,0.0235592876934243
2018-03-05,4039.0,3941.0,4088.0,4054.0,189034.0,3952.9412,1.348,0.013389953118759684,0.013389953118759684
2018-03-06,4054.0,3995.0,4059.0,4049.0,37664.0,3980.3922,-0.1209,-0.0012097314300921036,-0.0012097314300921036
2018-03-07,4039.0,3922.0,4118.0,4108.0,240737.0,4023.5294,1.4528,0.014423479705723476,0.014423479705723476
2018-03-08,4108.0,4093.0,4147.0,4103.0,92277.0,4062.7451,-0.1193,-0.0011937121909855785,-0.0011937121909855785
2018-03-09,4103.0,4064.0,4201.0,4201.0,195285.0,4102.9412,2.3895,0.02361398229732697,0.02361398229732697
2018-03-12,4235.0,4118.0,4245.0,4147.0,93652.0,4121.5686,-1.2835,-0.012918080268266885,-0.012918080268266885
2018-03-13,4147.0,4083.0,4191.0,4167.0,35324.0,4145.098,0.4728,0.004716858113424362,0.004716858113424362
2018-03-14,4196.0,4078.0,4196.0,4093.0,50082.0,4142.1569,-1.7647,-0.017804564753268897,-0.017804564753268897
2018-03-15,4088.0,3971.0,4196.0,4147.0,98719.0,4150.9804,1.3174,0.013087977544907172,0.013087977544907172
2018-03-16,4221.0,4162.0,4314.0,4235.0,131268.0,4157.8431,2.1277,0.021053805031087326,0.021053805031087326
2018-03-19,4235.0,4123.0,4235.0,4167.0,43017.0,4161.7647,-1.6204,-0.01633672049620942,-0.01633672049620942
2018-03-20,4172.0,4049.0,4181.0,4088.0,41389.0,4146.0784,-1.8824,-0.019003426742037303,-0.019003426742037303
2018-03-21,4069.0,4069.0,4167.0,4137.0,28603.0,4154.902,1.199,0.011918689393527266,0.011918689393527266
2018-03-22,4137.0,4000.0,4142.0,4069.0,31684.0,4139.2157,-1.6588,-0.016727121516210627,-0.016727121516210627
2018-03-23,4049.0,3951.0,4049.0,4034.0,31871.0,4099.0196,-0.8434,-0.008469767428311886,-0.008469767428311886
2018-03-26,3975.0,3922.0,4167.0,4108.0,63153.0,4087.2549,1.8226,0.018061897418378454,0.018061897418378454
2018-03-27,4137.0,4088.0,4137.0,4118.0,17116.0,4093.1373,0.2387,0.0023841556409241096,0.0023841556409241096
2018-03-28,4118.0,4000.0,4127.0,4118.0,36889.0,4089.2157,0.0,0.0,0.0
2018-03-29,4162.0,4015.0,4162.0,4074.0,35858.0,4090.1961,-1.0714,-0.010771808173288554,-0.010771808173288554
2018-03-30,4078.0,4049.0,4127.0,4113.0,37739.0,4105.8824,0.9627,0.009580955711876254,0.009580955711876254
2018-04-02,4113.0,4113.0,4309.0,4289.0,325112.0,4142.1569,4.2908,0.04201296503324226,0.02934227394661604
2018-04-03,4279.0,4235.0,4294.0,4255.0,106894.0,4169.6078,-0.8,-0.008032171697264267,-0.008032171697264267
2018-04-04,4181.0,4132.0,4225.0,4211.0,120124.0,4188.2353,-1.0369,-0.010423132606303875,-0.010423132606303875
2018-04-05,4211.0,4172.0,4289.0,4279.0,119423.0,4229.4118,1.6298,0.016166613236789844,0.016166613236789844
2018-04-06,4279.0,4142.0,4279.0,4216.0,83640.0,4250.0,-1.4891,-0.015002984033925904,-0.015002984033925904
2018-04-09,4206.0,4176.0,4260.0,4216.0,61464.0,4235.2941,0.0,0.0,0.0
2018-04-10,4206.0,4088.0,4250.0,4167.0,59027.0,4217.6471,-1.1628,-0.011696133880842736,-0.011696133880842736
2018-04-11,4132.0,4132.0,4245.0,4167.0,31771.0,4208.8235,0.0,0.0,0.0
2018-04-12,4250.0,4069.0,4250.0,4083.0,55979.0,4169.6078,-2.0,-0.020202707317519466,-0.020202707317519466
2018-04-13,4083.0,4064.0,4230.0,4181.0,96326.0,4162.7451,2.401,0.023726292194632723,0.023726292194632723
2018-04-16,4181.0,4054.0,4181.0,4088.0,68814.0,4137.2549,-2.2274,-0.0225258117996546,-0.0225258117996546
2018-04-17,4118.0,4074.0,4132.0,4118.0,44385.0,4127.451,0.7194,0.007168246621440118,0.007168246621440118
2018-04-18,4152.0,4123.0,4235.0,4230.0,64034.0,4140.1961,2.7381,0.027012845596009732,0.027012845596009732
2018-04-19,4216.0,4137.0,4279.0,4279.0,143501.0,4179.4118,1.1587,0.01152038480187811,0.01152038480187811
2018-04-20,4270.0,4225.0,4559.0,4549.0,338027.0,4252.9412,6.3001,0.06109604009314081,0.02934227394661604
2018-04-23,4569.0,4480.0,4647.0,4608.0,115997.0,4356.8627,1.2931,0.01284810843529526,0.01284810843529526
2018-04-24,4608.0,4485.0,4632.0,4510.0,60849.0,4435.2941,-2.1277,-0.02150661826452714,-0.02150661826452714
2018-04-25,4426.0,4412.0,4515.0,4485.0,99958.0,4486.2745,-0.5435,-0.005449823346823508,-0.005449823346823508
2018-04-26,4485.0,4446.0,4520.0,4515.0,37764.0,4533.3333,0.6557,0.006535596386881419,0.006535596386881419
2018-04-27,4515.0,4426.0,4544.0,4505.0,55488.0,4524.5098,-0.2172,-0.0021743622131043527,-0.0021743622131043527
2018-04-30,4569.0,4412.0,4569.0,4466.0,48737.0,4496.0784,-0.8705,-0.008743109837777046,-0.008743109837777046
2018-05-01,4569.0,4412.0,4569.0,4466.0,48737.0,4496.0784,0.0,0.0,0.0
2018-05-02,4520.0,4319.0,4520.0,4412.0,82150.0,4476.4706,-1.2075,-0.012148495046823828,-0.012148495046823828
2018-05-03,4412.0,4412.0,4520.0,4510.0,24109.0,4481.3725,2.2222,0.02197868932744723,0.02197868932744723
2018-05-04,4510.0,4412.0,4539.0,4500.0,38339.0,4478.4314,-0.2174,-0.002176366568568835,-0.002176366568568835
2018-05-07,4510.0,4412.0,4539.0,4500.0,38339.0,4478.4314,0.0,0.0,0.0
2018-05-08,4529.0,4407.0,4529.0,4441.0,33028.0,4465.6863,-1.3072,-0.013158190537781621,-0.013158190537781621
2018-05-09,4441.0,4363.0,4539.0,4485.0,53121.0,4469.6078,0.9934,0.009884982183336912,0.009884982183336912
2018-05-10,4485.0,4412.0,4529.0,4505.0,33486.0,4488.2353,0.4372,0.004362470573007384,0.004362470573007384
2018-05-11,4554.0,4426.0,4569.0,4559.0,38202.0,4498.0392,1.197,0.011898926157099114,0.011898926157099114
2018-05-14,4559.0,4510.0,4583.0,4574.0,26166.0,4512.7451,0.3226,0.0032208076260685616,0.0032208076260685616
2018-05-15,4588.0,4559.0,4632.0,4569.0,49533.0,4538.2353,-0.1072,-0.0010725750029721506,-0.0010725750029721506
2018-05-16,4446.0,4250.0,4539.0,4422.0,312611.0,4525.4902,-3.2189,-0.03271845870280363,-0.029558582241568588
2018-05-17,4422.0,4387.0,4539.0,4515.0,101824.0,4527.451,2.1064,0.02084522086147777,0.02084522086147777
2018-05-18,4456.0,4451.0,4779.0,4627.0,164343.0,4541.1765,2.4973,0.024666270780014342,0.024666270780014342
2018-05-21,4706.0,4588.0,4843.0,4588.0,222800.0,4544.1176,-0.8475,-0.008511117018427316,-0.008511117018427316
2018-05-22,4706.0,4588.0,4843.0,4588.0,222800.0,4544.1176,0.0,0.0,0.0
2018-05-23,4593.0,4387.0,4652.0,4412.0,126472.0,4512.7451,-3.8462,-0.03922119315339649,-0.029558582241568588
2018-05-24,4412.0,4397.0,4554.0,4544.0,73392.0,4537.2549,3.0,0.02955880224154443,0.02934227394661604
2018-05-25,4500.0,4461.0,4706.0,4632.0,53207.0,4560.7843,1.9417,0.01923089526111206,0.01923089526111206
2018-05-28,4632.0,4598.0,4686.0,4598.0,60559.0,4554.902,-0.7407,-0.007434568039841172,-0.007434568039841172
2018-05-29,4598.0,4559.0,4642.0,4593.0,35433.0,4555.8824,-0.1066,-0.0010665685821082786,-0.0010665685821082786
2018-05-30,4593.0,4485.0,4593.0,4574.0,47862.0,4588.2353,-0.4269,-0.004278138197082087,-0.004278138197082087
2018-05-31,4574.0,4549.0,4735.0,4701.0,90150.0,4619.6078,2.7867,0.027485781231084958,0.027485781231084958
2018-06-01,4657.0,4603.0,4701.0,4657.0,34655.0,4624.5098,-0.9385,-0.009429316604666761,-0.009429316604666761
2018-06-04,4637.0,4588.0,4691.0,4681.0,41970.0,4641.1765,0.5263,0.005249198818068584,0.005249198818068584
2018-06-05,4657.0,4583.0,4676.0,4657.0,40685.0,4653.9216,-0.5236,-0.005249755886223747,-0.005249755886223747
2018-06-06,4657.0,4583.0,4676.0,4657.0,40685.0,4653.9216,0.0,0.0,0.0
2018-06-07,4657.0,4490.0,4672.0,4583.0,69562.0,4655.8824,-1.5789,-0.01591497402259293,-0.01591497402259293
2018-06-08,4608.0,4534.0,4608.0,4544.0,37239.0,4624.5098,-0.8556,-0.008592812698032038,-0.008592812698032038
2018-06-11,4544.0,4544.0,4672.0,4672.0,85315.0,4627.451,2.8047,0.027660885832211046,0.027660885832211046
2018-06-12,4637.0,4559.0,4716.0,4672.0,47267.0,4625.4902,0.0,0.0,0.0
2018-06-13,4637.0,4559.0,4716.0,4672.0,47267.0,4625.4902,0.0,0.0,0.0
2018-06-14,4662.0,4608.0,4730.0,4725.0,45655.0,4639.2157,1.1542,0.011475899254977745,0.011475899254977745
2018-06-15,4725.0,4696.0,4814.0,4804.0,85241.0,4683.3333,1.6598,0.016461758686608957,0.016461758686608957
2018-06-18,5137.0,4799.0,5588.0,4809.0,2180706.0,4736.2745,0.102,0.0010194801534656336,0.0010194801534656336
2018-06-19,4809.0,4539.0,4892.0,4539.0,299298.0,4709.8039,-5.6065,-0.057697971139518314,-0.029558582241568588
2018-06-20,4495.0,4490.0,4765.0,4745.0,124023.0,4724.5098,4.5356,0.04435749725843362,0.02934227394661604
2018-06-21,4657.0,4627.0,5088.0,4627.0,145011.0,4704.902,-2.4793,-0.02510552282607086,-0.02510552282607086
2018-06-22,4627.0,4554.0,4784.0,4603.0,89557.0,4664.7059,-0.5297,-0.005311078843597852,-0.005311078843597852
2018-06-25,4554.0,4549.0,4657.0,4623.0,48930.0,4627.451,0.426,0.004250951887537686,0.004250951887537686
2018-06-26,4623.0,4608.0,4804.0,4721.0,57628.0,4663.7255,2.1209,0.02098721950734314,0.02098721950734314
2018-06-27,4799.0,4623.0,4804.0,4657.0,66126.0,4646.0784,-1.3499,-0.013590939835236788,-0.013590939835236788
2018-06-28,4657.0,4574.0,4701.0,4578.0,50261.0,4636.2745,-1.6842,-0.016985439299368497,-0.016985439299368497
2018-06-29,4588.0,4363.0,4598.0,4588.0,77982.0,4633.3333,0.2141,0.0021387113256190124,0.0021387113256190124
2018-07-02,4608.0,4500.0,4608.0,4549.0,62350.0,4618.6275,-0.8547,-0.008583735070701827,-0.008583735070701827
2018-07-03,4446.0,4446.0,4583.0,4534.0,55830.0,4581.3725,-0.3233,-0.0032382374359669055,-0.0032382374359669055
2018-07-04,4549.0,4461.0,4603.0,4539.0,22687.0,4557.8431,0.1081,0.001080416140230501,0.001080416140230501
2018-07-05,4642.0,4426.0,4647.0,4529.0,51417.0,4548.0392,-0.216,-0.0021623361646834274,-0.0021623361646834274
2018-07-06,4471.0,4471.0,4608.0,4588.0,55823.0,4548.0392,1.2987,0.012903392015395065,0.012903392015395065
2018-07-09,4564.0,4529.0,4706.0,4706.0,57693.0,4579.4118,2.5641,0.025317782984289588,0.025317782984289588
2018-07-10,4716.0,4657.0,4745.0,4706.0,34949.0,4613.7255,0.0,0.0,0.0
2018-07-11,4642.0,4642.0,4716.0,4696.0,27785.0,4645.098,-0.2083,-0.002085172461849554,-0.002085172461849554
2018-07-12,4706.0,4632.0,4706.0,4686.0,47030.0,4676.4706,-0.2088,-0.002090182911141596,-0.002090182911141596
2018-07-13,4686.0,4613.0,4696.0,4676.0,55398.0,4694.1176,-0.2092,-0.002094191288650599,-0.002094191288650599
2018-07-16,4696.0,4637.0,4701.0,4657.0,32668.0,4684.3137,-0.4193,-0.004201815274760888,-0.004201815274760888
2018-07-17,4657.0,4627.0,4730.0,4672.0,44861.0,4677.451,0.3158,0.003153023991404416,0.003153023991404416
2018-07-18,4706.0,4667.0,4711.0,4686.0,35191.0,4675.4902,0.3148,0.0031430554223026456,0.0031430554223026456
2018-07-19,4657.0,4637.0,4745.0,4716.0,52451.0,4681.3725,0.6276,0.0062563879261442615,0.0062563879261442615
2018-07-20,4755.0,4716.0,4941.0,4873.0,215210.0,4720.5882,3.3264,0.032722723797708034,0.02934227394661604
2018-07-23,4951.0,4559.0,4990.0,4559.0,206046.0,4700.9804,-6.4386,-0.06655228072438396,-0.029558582241568588
2018-07-24,4549.0,4387.0,4647.0,4534.0,310274.0,4673.5294,-0.5376,-0.005390502688990368,-0.005390502688990368
2018-07-25,4529.0,4289.0,4529.0,4353.0,180543.0,4606.8627,-4.0,-0.040821994520255166,-0.029558582241568588
2018-07-26,4333.0,4275.0,4368.0,4348.0,57873.0,4533.3333,-0.1126,-0.0011266344142783255,-0.0011266344142783255
2018-07-27,4314.0,4279.0,4392.0,4392.0,44772.0,4437.2549,1.0147,0.010095864817042359,0.010095864817042359
2018-07-30,4392.0,4353.0,4436.0,4407.0,48086.0,4406.8627,0.3348,0.003342407926032865,0.003342407926032865
2018-07-31,4407.0,4368.0,4436.0,4412.0,47496.0,4382.3529,0.1112,0.001111382185963724,0.001111382185963724
2018-08-01,4412.0,4392.0,4490.0,4417.0,27813.0,4395.098,0.1111,0.0011103832962297455,0.0011103832962297455
2018-08-02,4417.0,4397.0,4451.0,4417.0,23886.0,4408.8235,0.0,0.0,0.0
2018-08-03,4510.0,4436.0,4559.0,4515.0,128735.0,4433.3333,2.2198,0.02195521078585487,0.02195521078585487
2018-08-06,4525.0,4475.0,4544.0,4510.0,44819.0,4453.9216,-0.1086,-0.0010865901252894296,-0.0010865901252894296
2018-08-07,4539.0,4397.0,4539.0,4515.0,89138.0,4474.5098,0.1087,0.0010864096432731713,0.0010864096432731713
2018-08-08,4554.0,4407.0,4676.0,4534.0,170368.0,4498.0392,0.4343,0.004333596392247971,0.004333596392247971
2018-08-09,4510.0,4495.0,4578.0,4549.0,65795.0,4524.5098,0.3243,0.003237752816849543,0.003237752816849543
2018-08-10,4529.0,4505.0,4569.0,4520.0,38380.0,4525.4902,-0.6466,-0.006486995129941687,-0.006486995129941687
2018-08-13,4485.0,4412.0,4515.0,4466.0,76793.0,4516.6667,-1.1931,-0.012002745616152645,-0.012002745616152645
2018-08-14,4461.0,4431.0,4505.0,4480.0,49895.0,4509.8039,0.3293,0.003287589949111543,0.003287589949111543
2018-08-15,4461.0,4431.0,4505.0,4480.0,49895.0,4509.8039,0.0,0.0,0.0
2018-08-16,4471.0,4397.0,4495.0,4451.0,60042.0,4493.1373,-0.6565,-0.006586644394808923,-0.006586644394808923
2018-08-17,4456.0,4412.0,4529.0,4490.0,43348.0,4481.3725,0.8811,0.008772409653533193,0.008772409653533193
2018-08-20,4451.0,4451.0,4534.0,4525.0,55927.0,4482.3529,0.7642,0.007612947835219317,0.007612947835219317
2018-08-21,4525.0,4480.0,4544.0,4529.0,25027.0,4495.098,0.1083,0.0010824139785692547,0.0010824139785692547
2018-08-22,4480.0,4461.0,4574.0,4490.0,95075.0,4497.0588,-0.8658,-0.008695698233929532,-0.008695698233929532
2018-08-23,4490.0,4441.0,4510.0,4490.0,59550.0,4504.902,0.0,0.0,0.0
2018-08-24,4510.0,4451.0,4510.0,4471.0,62813.0,4500.9804,-0.4367,-0.0043765631963079005,-0.0043765631963079005
2018-08-27,4471.0,4412.0,4505.0,4490.0,64083.0,4494.1176,0.4386,0.004376409534296085,0.004376409534296085
2018-08-28,4490.0,4412.0,4505.0,4441.0,178785.0,4476.4706,-1.0917,-0.010977027726074107,-0.010977027726074107
2018-08-29,4456.0,4397.0,4456.0,4407.0,83358.0,4459.8039,-0.7726,-0.007756000158715143,-0.007756000158715143
2018-08-30,4407.0,4402.0,4431.0,4412.0,47275.0,4444.1176,0.1112,0.001111382185963724,0.001111382185963724
2018-08-31,4475.0,4397.0,4475.0,4402.0,63328.0,4430.3922,-0.2222,-0.002224472304986675,-0.002224472304986675
2018-09-03,4402.0,4397.0,4422.0,4407.0,44156.0,4413.7255,0.1114,0.0011133799624385658,0.0011133799624385658
2018-09-04,4426.0,4407.0,4480.0,4407.0,93351.0,4406.8627,0.0,0.0,0.0
2018-09-05,4441.0,4407.0,4441.0,4426.0,31779.0,4410.7843,0.4449,0.004439132455810873,0.004439132455810873
2018-09-06,4426.0,4392.0,4441.0,4412.0,45436.0,4410.7843,-0.3322,-0.0033275300927085166,-0.0033275300927085166
2018-09-07,4436.0,4392.0,4436.0,4397.0,39368.0,4409.8039,-0.3333,-0.0033385668174100557,-0.0033385668174100557
2018-09-10,4397.0,4377.0,4426.0,4382.0,42720.0,4404.902,-0.3344,-0.0033496036639222315,-0.0033496036639222315
2018-09-11,4382.0,4343.0,4407.0,4373.0,52412.0,4398.0392,-0.2237,-0.002239505822213714,-0.002239505822213714
2018-09-12,4392.0,4328.0,4397.0,4358.0,42109.0,4384.3137,-0.3363,-0.003368667594815047,-0.003368667594815047
2018-09-13,4358.0,4309.0,4363.0,4348.0,40771.0,4371.5686,-0.225,-0.002252535053293755,-0.002252535053293755
2018-09-14,4358.0,4294.0,4358.0,4343.0,60191.0,4360.7843,-0.1127,-0.0011276355420487877,-0.0011276355420487877
2018-09-17,4343.0,4294.0,4343.0,4294.0,21043.0,4343.1373,-1.1287,-0.01135118158654959,-0.01135118158654959
2018-09-18,4324.0,4265.0,4324.0,4314.0,24614.0,4331.3725,0.4566,0.004555607444929837,0.004555607444929837
2018-09-19,4284.0,4230.0,4304.0,4265.0,39273.0,4312.7451,-1.1364,-0.011429063639782393,-0.011429063639782393
2018-09-20,4230.0,4191.0,4260.0,4225.0,47405.0,4288.2353,-0.9195,-0.00923753495253609,-0.00923753495253609
2018-09-21,4201.0,4201.0,4265.0,4245.0,23263.0,4268.6275,0.464,0.004629268383662219,0.004629268383662219
2018-09-24,4201.0,4201.0,4265.0,4245.0,23263.0,4268.6275,0.0,0.0,0.0
2018-09-25,4201.0,4201.0,4265.0,4245.0,23263.0,4268.6275,0.0,0.0,0.0
2018-09-26,4201.0,4201.0,4265.0,4245.0,23263.0,4268.6275,0.0,0.0,0.0
2018-09-27,4289.0,4245.0,4314.0,4294.0,24845.0,4268.6275,1.1547,0.011480842191249993,0.011480842191249993
2018-09-28,4250.0,4250.0,4314.0,4294.0,20632.0,4264.7059,0.0,0.0,0.0
2018-10-01,4294.0,4265.0,4353.0,4348.0,36915.0,4281.3725,1.2557,0.012478814710276362,0.012478814710276362
2018-10-02,4333.0,4314.0,4451.0,4377.0,42620.0,4311.7647,0.6764,0.006741226786335321,0.006741226786335321
2018-10-03,4333.0,4314.0,4451.0,4377.0,42620.0,4311.7647,0.0,0.0,0.0
2018-10-04,4358.0,4333.0,4422.0,4363.0,46810.0,4335.2941,-0.3359,-0.003364654105477374,-0.003364654105477374
2018-10-05,4314.0,4314.0,4431.0,4397.0,48634.0,4355.8824,0.7865,0.007834232108516357,0.007834232108516357
2018-10-08,4363.0,4363.0,4456.0,4363.0,42447.0,4369.6078,-0.7804,-0.007834610568587997,-0.007834610568587997
2018-10-09,4363.0,4363.0,4456.0,4363.0,42447.0,4369.6078,0.0,0.0,0.0
2018-10-10,4343.0,4328.0,4441.0,4441.0,34266.0,4388.2353,1.7978,0.017818306892845345,0.017818306892845345
2018-10-11,4324.0,4265.0,4441.0,4314.0,79504.0,4375.4902,-2.8698,-0.029117839479915284,-0.029117839479915284
2018-10-12,4265.0,4265.0,4412.0,4412.0,31692.0,4385.2941,2.2727,0.022472589185356315,0.022472589185356315
2018-10-15,4451.0,4338.0,4485.0,4412.0,38624.0,4388.2353,0.0,0.0,0.0
2018-10-16,4392.0,4368.0,4417.0,4402.0,12235.0,4396.0784,-0.2222,-0.002224472304986675,-0.002224472304986675
2018-10-17,4456.0,4324.0,4456.0,4368.0,31087.0,4381.3725,-0.7795,-0.007825539821294381,-0.007825539821294381
2018-10-18,4368.0,4338.0,4368.0,4363.0,11440.0,4391.1765,-0.1122,-0.0011226299132191255,-0.0011226299132191255
2018-10-19,4392.0,4294.0,4392.0,4368.0,10726.0,4382.3529,0.1124,0.0011233687849461064,0.0011233687849461064
2018-10-22,4397.0,4270.0,4397.0,4358.0,49872.0,4371.5686,-0.2245,-0.002247523790480651,-0.002247523790480651
2018-10-23,4358.0,4216.0,4358.0,4216.0,71194.0,4334.3137,-3.2621,-0.033164926498912534,-0.029558582241568588
2018-10-24,4221.0,4074.0,4333.0,4118.0,21305.0,4284.3137,-2.3256,-0.02353068788640279,-0.02353068788640279
2018-10-25,4069.0,4020.0,4172.0,4118.0,38464.0,4235.2941,0.0,0.0,0.0
2018-10-26,4172.0,4005.0,4186.0,4059.0,59989.0,4173.5294,-1.4286,-0.0143890273072141,-0.0143890273072141
2018-10-29,4064.0,3873.0,4127.0,3873.0,35599.0,4076.4706,-4.5894,-0.0469805025951217,-0.029558582241568588
2018-10-30,3676.0,3676.0,3936.0,3912.0,47385.0,4015.6863,1.0127,0.010076065522490666,0.010076065522490666
2018-10-31,4059.0,3922.0,4059.0,4010.0,17878.0,3994.1176,2.5063,0.02475407411620743,0.02475407411620743
2018-11-01,4216.0,3941.0,4216.0,3975.0,46479.0,3965.6863,-0.8557,-0.00859382132837762,-0.00859382132837762
2018-11-02,4010.0,4000.0,4186.0,4186.0,23945.0,3991.1765,5.3021,0.051663175972922075,0.02934227394661604
2018-11-05,4490.0,4279.0,4510.0,4348.0,159024.0,4086.2745,3.8642,0.037914090663015904,0.02934227394661604
2018-11-06,4348.0,4250.0,4377.0,4358.0,35730.0,4175.4902,0.2255,0.0022524613032909578,0.0022524613032909578
2018-11-07,4363.0,4324.0,4510.0,4353.0,43658.0,4244.1176,-0.1125,-0.00112563328751023,-0.00112563328751023
2018-11-08,4441.0,4363.0,4441.0,4392.0,55283.0,4327.451,0.9009,0.008968661054188982,0.008968661054188982
2018-11-09,4392.0,4319.0,4412.0,4382.0,18238.0,4366.6667,-0.2232,-0.00223449462469281,-0.00223449462469281
2018-11-12,4412.0,4343.0,4422.0,4417.0,46175.0,4380.3922,0.783,0.0077995046323817985,0.0077995046323817985
2018-11-13,4333.0,4328.0,4402.0,4397.0,20893.0,4388.2353,-0.444,-0.004449886073630887,-0.004449886073630887
2018-11-14,4397.0,4358.0,4431.0,4407.0,30267.0,4399.0196,0.223,0.002227517240350863,0.002227517240350863
2018-11-15,4407.0,4343.0,4412.0,4382.0,28992.0,4397.0588,-0.5562,-0.005577525517380897,-0.005577525517380897
2018-11-16,4422.0,4368.0,4436.0,4422.0,30887.0,4404.902,0.8949,0.008909194999873056,0.008909194999873056
2018-11-19,4500.0,4490.0,4794.0,4627.0,405532.0,4447.0588,4.6563,0.04551146176082606,0.02934227394661604
2018-11-20,4598.0,4480.0,4598.0,4539.0,76101.0,4475.4902,-1.9068,-0.0192521388427553,-0.0192521388427553
2018-11-21,4529.0,4436.0,4529.0,4525.0,67450.0,4499.0196,-0.324,-0.003245260165029525,-0.003245260165029525
2018-11-22,4520.0,4485.0,4608.0,4500.0,32960.0,4522.549,-0.5417,-0.0054317251459853055,-0.0054317251459853055
2018-11-23,4642.0,4495.0,4642.0,4529.0,47532.0,4544.1176,0.6536,0.006514732969244391,0.006514732969244391
2018-11-26,4529.0,4490.0,4578.0,4520.0,21521.0,4522.549,-0.2165,-0.002167347000616064,-0.002167347000616064
2018-11-27,4485.0,4480.0,4608.0,4505.0,16013.0,4515.6863,-0.3254,-0.0032593057711126656,-0.0032593057711126656
2018-11-28,4520.0,4422.0,4525.0,4495.0,31061.0,4509.8039,-0.2176,-0.002178370928050655,-0.002178370928050655
2018-11-29,4529.0,4500.0,4593.0,4544.0,13168.0,4518.6275,1.0905,0.010845969253287622,0.010845969253287622
2018-11-30,4554.0,4495.0,4554.0,4534.0,14734.0,4519.6078,-0.2157,-0.0021593296751757367,-0.0021593296751757367
2018-12-03,4529.0,4515.0,4559.0,4554.0,28508.0,4526.4706,0.4324,0.004314678373481737,0.004314678373481737
2018-12-04,4554.0,4520.0,4574.0,4574.0,24803.0,4540.1961,0.4306,0.004296755709775076,0.004296755709775076
2018-12-05,4569.0,4485.0,4657.0,4657.0,54965.0,4572.549,1.8221,0.018056986905116836,0.018056986905116836
2018-12-06,4686.0,4574.0,4735.0,4608.0,116209.0,4585.2941,-1.0526,-0.010581790181651732,-0.010581790181651732
2018-12-07,4608.0,4515.0,4647.0,4613.0,33251.0,4600.9804,0.1064,0.0010634343531965307,0.0010634343531965307
2018-12-10,4613.0,4574.0,4627.0,4608.0,28447.0,4611.7647,-0.1063,-0.0010635653852051976,-0.0010635653852051976
2018-12-11,4583.0,4539.0,4627.0,4593.0,43939.0,4615.6863,-0.3191,-0.0031961020972527555,-0.0031961020972527555
2018-12-12,4637.0,4529.0,4637.0,4618.0,31415.0,4607.8431,0.5336,0.00532181399397593,0.00532181399397593
2018-12-13,4618.0,4569.0,4623.0,4618.0,20678.0,4609.8039,0.0,0.0,0.0
2018-12-14,4618.0,4564.0,4618.0,4569.0,14405.0,4600.9804,-1.0616,-0.010672751736307981,-0.010672751736307981
2018-12-17,4569.0,4500.0,4623.0,4588.0,17330.0,4597.0588,0.4292,0.004282815638142838,0.004282815638142838
2018-12-18,4588.0,4578.0,4627.0,4598.0,46365.0,4598.0392,0.2137,0.0021347198633568927,0.0021347198633568927
2018-12-19,4618.0,4578.0,4623.0,4593.0,41373.0,4593.1373,-0.1066,-0.0010665685821082786,-0.0010665685821082786
2018-12-20,4598.0,4505.0,4603.0,4534.0,20930.0,4576.4706,-1.2807,-0.012889716617903672,-0.012889716617903672
2018-12-21,4578.0,4515.0,4578.0,4534.0,13494.0,4569.6078,0.0,0.0,0.0
2018-12-24,4559.0,4456.0,4564.0,4529.0,59406.0,4557.8431,-0.1081,-0.0010815847019131583,-0.0010815847019131583
2018-12-26,4471.0,4446.0,4539.0,4539.0,110269.0,4546.0784,0.2165,0.0021626597646309904,0.0021626597646309904
2018-12-27,4583.0,4417.0,4583.0,4417.0,25884.0,4510.7843,-2.6998,-0.027369141299786112,-0.027369141299786112
2018-12-28,4598.0,4172.0,4598.0,4377.0,30953.0,4479.4118,-0.8879,-0.008918653215601712,-0.008918653215601712
2018-12-31,4598.0,4172.0,4598.0,4377.0,30953.0,4479.4118,0.0,0.0,0.0
2019-01-02,4333.0,4299.0,4382.0,4314.0,29021.0,4435.2941,-1.4558,-0.014665007495211749,-0.014665007495211749
2019-01-03,4260.0,4235.0,4309.0,4255.0,17651.0,4380.3922,-1.3636,-0.013729824148375454,-0.013729824148375454
2019-01-04,4206.0,4118.0,4250.0,4211.0,56568.0,4314.7059,-1.0369,-0.010423132606303875,-0.010423132606303875
2019-01-07,4211.0,4206.0,4284.0,4235.0,26269.0,4278.4314,0.5821,0.005804123440132437,0.005804123440132437
2019-01-08,4304.0,4270.0,4363.0,4304.0,33400.0,4263.7255,1.6204,0.016074116402772624,0.016074116402772624
2019-01-09,4382.0,4314.0,4392.0,4387.0,34741.0,4278.4314,1.9362,0.01917694139949856,0.01917694139949856
2019-01-10,4373.0,4353.0,4446.0,4412.0,19845.0,4309.8039,0.5587,0.0055714506049287064,0.0055714506049287064
2019-01-11,4402.0,4319.0,4691.0,4446.0,40346.0,4356.8627,0.7778,0.007747907297968085,0.007747907297968085
2019-01-14,4412.0,4368.0,4544.0,4436.0,15276.0,4397.0588,-0.2205,-0.0022074345920086533,-0.0022074345920086533
2019-01-15,4436.0,4407.0,4485.0,4451.0,35719.0,4426.4706,0.3315,0.003309517500482661,0.003309517500482661
2019-01-16,4451.0,4451.0,4843.0,4843.0,322562.0,4517.6471,8.8106,0.08443857015868879,0.02934227394661604
2019-01-17,4853.0,4843.0,5392.0,5392.0,908338.0,4713.7255,11.336,0.10738247012946078,0.02934227394661604
2019-01-18,5392.0,5294.0,5520.0,5471.0,465173.0,4918.6275,1.4545,0.014440236126020165,0.014440236126020165
2019-01-21,5471.0,5363.0,5529.0,5392.0,171674.0,5109.8039,-1.4337,-0.014440767791161515,-0.014440767791161515
2019-01-22,5392.0,5069.0,5451.0,5088.0,157165.0,5237.2549,-5.6364,-0.0580147804171569,-0.029558582241568588
2019-01-23,5049.0,5049.0,5814.0,5618.0,911680.0,5392.1569,10.4046,0.09898161365353887,0.02934227394661604
2019-01-24,5618.0,5520.0,5931.0,5755.0,629277.0,5464.7059,2.4433,0.024139288803288465,0.024139288803288465
2019-01-25,5784.0,5784.0,6196.0,6127.0,674866.0,5596.0784,6.4736,0.06272688110830366,0.02934227394661604
2019-01-28,6127.0,6078.0,6569.0,6373.0,544019.0,5792.1569,4.0,0.03922071315328133,0.02934227394661604
2019-01-29,6549.0,6098.0,6647.0,6569.0,396348.0,6088.2353,3.0769,0.03030512561470692,0.02934227394661604
2019-01-30,6598.0,6569.0,7147.0,6814.0,819236.0,6327.451,3.7313,0.03663371591350621,0.02934227394661604
2019-01-31,6804.0,6755.0,7451.0,7294.0,910396.0,6635.2941,7.0504,0.06812956561231484,0.02934227394661604
2019-02-01,7373.0,7225.0,7824.0,7686.0,568676.0,6947.0588,5.3763,0.052367567149881535,0.02934227394661604
2019-02-04,7373.0,7225.0,7824.0,7686.0,568676.0,6947.0588,0.0,0.0,0.0
2019-02-05,7373.0,7225.0,7824.0,7686.0,568676.0,6947.0588,0.0,0.0,0.0
2019-02-06,7373.0,7225.0,7824.0,7686.0,568676.0,6947.0588,0.0,0.0,0.0
2019-02-07,7686.0,7216.0,8324.0,7735.0,733794.0,7219.6078,0.6378,0.006357746629714146,0.006357746629714146
2019-02-08,7814.0,7745.0,8725.0,8725.0,570571.0,7650.9804,12.801,0.12045501828479799,0.02934227394661604
2019-02-11,8745.0,8333.0,9167.0,8598.0,507858.0,8007.8431,-1.4607,-0.014714732611733602,-0.014714732611733602
2019-02-12,8578.0,7892.0,8598.0,7990.0,549830.0,8147.0588,-7.0696,-0.07331936011303107,-0.029558582241568588
2019-02-13,8049.0,7990.0,8657.0,8167.0,376800.0,8243.1373,2.2086,0.021845636969191482,0.021845636969191482
2019-02-14,8039.0,7873.0,8314.0,8235.0,241189.0,8343.1373,0.8403,0.008367891337119014,0.008367891337119014
2019-02-15,8314.0,8088.0,8569.0,8549.0,204913.0,8307.8431,3.8095,0.03738730271379585,0.02934227394661604
2019-02-18,8627.0,8098.0,8627.0,8157.0,188035.0,8219.6078,-4.5872,-0.04695744462633911,-0.029558582241568588
2019-02-19,8157.0,8147.0,8490.0,8235.0,160643.0,8268.6275,0.9615,0.009569070063697121,0.009569070063697121
2019-02-20,8333.0,8039.0,8333.0,8294.0,102102.0,8294.1176,0.7143,0.007117609612825451,0.007117609612825451
2019-02-21,8294.0,8088.0,8431.0,8137.0,101151.0,8274.5098,-1.8913,-0.019094138333766886,-0.019094138333766886
2019-02-22,8147.0,8118.0,8314.0,8167.0,87613.0,8198.0392,0.3614,0.0036074851936220486,0.0036074851936220486
2019-02-25,8167.0,8039.0,8235.0,8137.0,78241.0,8194.1176,-0.3601,-0.003607499207622106,-0.003607499207622106
2019-02-26,8118.0,8098.0,8333.0,8304.0,113635.0,8207.8431,2.0482,0.020275064699660825,0.020275064699660825
2019-02-27,8284.0,8059.0,8431.0,8304.0,65747.0,8209.8039,0.0,0.0,0.0
2019-02-28,8304.0,8245.0,9098.0,8598.0,264729.0,8301.9608,3.5419,0.034806175713279784,0.02934227394661604
2019-03-01,8304.0,8245.0,9098.0,8598.0,264729.0,8301.9608,0.0,0.0,0.0
2019-03-04,8784.0,8343.0,9118.0,8627.0,197299.0,8394.1176,0.3421,0.0034151616909477004,0.0034151616909477004
2019-03-05,8814.0,8353.0,8843.0,8422.0,84722.0,8450.9804,-2.3864,-0.024153358014259416,-0.024153358014259416
2019-03-06,8431.0,8255.0,8441.0,8304.0,56801.0,8450.9804,-1.397,-0.014068498878873069,-0.014068498878873069
2019-03-07,8402.0,8275.0,8676.0,8657.0,183400.0,8521.5686,4.2503,0.041624552384520584,0.02934227394661604
2019-03-08,8706.0,8706.0,10000.0,9343.0,927849.0,8670.5882,7.9275,0.07628951941958514,0.02934227394661604
2019-03-11,9559.0,9441.0,10686.0,10588.0,796546.0,9062.7451,13.3263,0.12510108220474805,0.02934227394661604
2019-03-12,10735.0,10000.0,10784.0,10294.0,467003.0,9437.2549,-2.7778,-0.028171105538150984,-0.028171105538150984
2019-03-13,10147.0,9794.0,10539.0,10098.0,284672.0,9796.0784,-1.9048,-0.019231750277477522,-0.019231750277477522
2019-03-14,10098.0,9520.0,10098.0,9569.0,305676.0,9978.4314,-5.2427,-0.05385130013847677,-0.029558582241568588
2019-03-15,9618.0,9412.0,10000.0,9627.0,161587.0,10035.2941,0.6148,0.006129178153082006,0.006129178153082006
2019-03-18,9804.0,9657.0,10539.0,9902.0,320346.0,9898.0392,2.8513,0.028114069797644102,0.028114069797644102
2019-03-19,10294.0,9676.0,10686.0,9804.0,404827.0,9800.0,-0.9901,-0.009950340853168182,-0.009950340853168182
2019-03-20,9902.0,9794.0,10098.0,10049.0,108807.0,9790.1961,2.5,0.024692612590371414,0.024692612590371414
2019-03-21,10049.0,9725.0,10098.0,9804.0,117233.0,9837.2549,-2.439,-0.024692362590402774,-0.024692362590402774
2019-03-22,9853.0,9853.0,10588.0,10245.0,302250.0,9960.7843,4.5,0.04401688541677426,0.02934227394661604
2019-03-25,10098.0,9529.0,10147.0,9686.0,259047.0,9917.6471,-5.4545,-0.056088985881928316,-0.029558582241568588
2019-03-26,9853.0,9451.0,9853.0,9794.0,61269.0,9915.6863,1.1134,0.011072473293001088,0.011072473293001088
2019-03-27,9559.0,9510.0,10196.0,9951.0,250832.0,9896.0784,1.6016,0.015889097063787296,0.015889097063787296
2019-03-28,9804.0,9676.0,9902.0,9706.0,1154964.0,9876.4706,-2.4631,-0.024939418044332057,-0.024939418044332057
2019-03-29,10049.0,9618.0,10049.0,9853.0,71997.0,9798.0392,1.5152,0.01503835497636681,0.01503835497636681
2019-04-01,10000.0,9804.0,10196.0,10147.0,113007.0,9890.1961,2.9851,0.029414131583074637,0.02934227394661604
2019-04-02,10196.0,10000.0,10343.0,10098.0,49995.0,9950.9804,-0.4831,-0.004842707000063273,-0.004842707000063273
2019-04-03,10098.0,9784.0,10098.0,9804.0,83147.0,9921.5686,-2.9126,-0.029558582241568588,-0.029558582241568588
2019-04-04,9853.0,9706.0,10000.0,10000.0,98856.0,9980.3922,2.0,0.01980262729617973,0.01980262729617973
2019-04-05,10000.0,9902.0,10686.0,10539.0,211271.0,10117.6471,5.3922,0.052518443585688246,0.02934227394661604
2019-04-08,10637.0,9902.0,10735.0,10000.0,286385.0,10088.2353,-5.1163,-0.052518254871705985,-0.029558582241568588
2019-04-09,10098.0,10000.0,10441.0,10294.0,143665.0,10127.451,2.9412,0.028987765444654732,0.028987765444654732
2019-04-10,10294.0,10245.0,11029.0,10539.0,271539.0,10274.5098,2.381,0.023530962526365128,0.023530962526365128
2019-04-11,10588.0,10490.0,11569.0,11569.0,338534.0,10588.2353,9.7674,0.09319339554194239,0.02934227394661604
2019-04-12,11569.0,10882.0,11569.0,11127.0,259343.0,10705.8824,-3.8136,-0.038882210451785755,-0.029558582241568588
2019-04-15,11078.0,10588.0,11176.0,10735.0,152064.0,10852.9412,-3.5242,-0.03587798629508425,-0.029558582241568588
2019-04-16,10784.0,10049.0,10784.0,10294.0,135677.0,10852.9412,-4.1096,-0.041964313384752976,-0.029558582241568588
2019-04-17,10294.0,9902.0,10343.0,10147.0,127799.0,10774.5098,-1.4286,-0.0143890273072141,-0.0143890273072141
2019-04-18,10147.0,10000.0,10441.0,10245.0,56573.0,10509.8039,0.9662,0.009615621378854595,0.009615621378854595
2019-04-19,10147.0,9804.0,10392.0,9853.0,119681.0,10254.902,-3.8278,-0.03902985136855062,-0.029558582241568588
2019-04-22,9853.0,9608.0,9951.0,9735.0,113629.0,10054.902,-1.194,-0.012011854333245494,-0.012011854333245494
2019-04-23,9745.0,9745.0,10147.0,10000.0,93140.0,9996.0784,2.719,0.02682691870368012,0.02682691870368012
2019-04-24,10196.0,9784.0,10196.0,9902.0,66857.0,9947.0588,-0.9804,-0.009852375650935594,-0.009852375650935594
2019-04-25,9951.0,9765.0,10098.0,9902.0,88113.0,9878.4314,0.0,0.0,0.0
2019-04-26,9853.0,9784.0,10000.0,9784.0,47760.0,9864.7059,-1.1881,-0.01195214314309779,-0.01195214314309779
2019-04-29,9794.0,9676.0,9902.0,9765.0,80835.0,9870.5882,-0.2004,-0.002006010694737265,-0.002006010694737265
2019-04-30,9676.0,9667.0,9804.0,9755.0,35061.0,9821.5686,-0.1004,-0.0010045043456035879,-0.0010045043456035879
2019-05-01,9676.0,9667.0,9804.0,9755.0,35061.0,9821.5686,0.0,0.0,0.0
2019-05-02,9657.0,9559.0,9716.0,9647.0,57453.0,9770.5882,-1.1055,-0.011116560634833721,-0.011116560634833721
2019-05-03,9647.0,9304.0,9951.0,9853.0,158780.0,9760.7843,2.1341,0.021116469709476535,0.021116469709476535
2019-05-06,9647.0,9304.0,9951.0,9853.0,158780.0,9760.7843,0.0,0.0,0.0
2019-05-07,9490.0,9490.0,9951.0,9725.0,55855.0,9749.0196,-1.2935,-0.013019385587389288,-0.013019385587389288
2019-05-08,9725.0,9627.0,9902.0,9784.0,42025.0,9752.9412,0.6048,0.006029784256978133,0.006029784256978133
2019-05-09,9794.0,9461.0,9902.0,9490.0,105218.0,9700.0,-3.006,-0.03052106506795247,-0.029558582241568588
2019-05-10,9539.0,9314.0,9902.0,9667.0,125586.0,9703.9216,1.8595,0.018424226758106177,0.018424226758106177
2019-05-13,9627.0,9627.0,10294.0,10147.0,231600.0,9762.7451,4.9696,0.04850059843979858,0.02934227394661604
2019-05-14,10098.0,9951.0,10784.0,10784.0,311354.0,9974.5098,6.2802,0.060908816723354096,0.02934227394661604
2019-05-15,10931.0,10343.0,11127.0,10588.0,231193.0,10135.2941,-1.8182,-0.018349323853398897,-0.018349323853398897
2019-05-16,10686.0,9804.0,10735.0,10490.0,413975.0,10335.2941,-0.9259,-0.009302130980104786,-0.009302130980104786
2019-05-17,10588.0,9755.0,10735.0,9775.0,183212.0,10356.8627,-6.8224,-0.07066283653127643,-0.029558582241568588
2019-05-20,9775.0,9578.0,9853.0,9608.0,71995.0,10249.0196,-1.7051,-0.017198042174783972,-0.017198042174783972
2019-05-21,9520.0,9520.0,10000.0,9706.0,71189.0,10033.3333,1.0204,0.010152290655934036,0.010152290655934036
2019-05-22,9608.0,9608.0,9902.0,9853.0,28510.0,9886.2745,1.5152,0.01503835497636681,0.01503835497636681
2019-05-23,9765.0,9637.0,9951.0,9706.0,32590.0,9729.4118,-1.4925,-0.015037498576733433,-0.015037498576733433
2019-05-24,9618.0,9618.0,9706.0,9706.0,30448.0,9715.6863,0.0,0.0,0.0
2019-05-27,9627.0,9627.0,10441.0,10294.0,167444.0,9852.9412,6.0606,0.05884044288007461,0.02934227394661604
2019-05-28,10196.0,10049.0,10343.0,10245.0,47515.0,9960.7843,-0.4762,-0.004773374446442204,-0.004773374446442204
2019-05-29,10588.0,10000.0,10588.0,10294.0,67036.0,10049.0196,0.4785,0.004773588276419337,0.004773588276419337
2019-05-30,10098.0,9765.0,10196.0,9784.0,69706.0,10064.7059,-4.9524,-0.050792367240926777,-0.029558582241568588
2019-05-31,9902.0,9784.0,10049.0,10049.0,51310.0,10133.3333,2.7054,0.026694509895185282,0.026694509895185282
2019-06-03,10049.0,9853.0,10147.0,9951.0,37182.0,10064.7059,-0.9756,-0.009803901574458198,-0.009803901574458198
2019-06-04,10294.0,9804.0,10294.0,10049.0,38426.0,10025.4902,0.9852,0.009803785462451442,0.009803785462451442
2019-06-05,10098.0,10000.0,10245.0,10196.0,48250.0,10005.8824,1.4634,0.014527956332130198,0.014527956332130198
2019-06-06,10098.0,10000.0,10245.0,10196.0,48250.0,10005.8824,0.0,0.0,0.0
2019-06-07,10245.0,9716.0,10245.0,9765.0,154610.0,10001.9608,-4.2308,-0.0432290558360123,-0.029558582241568588
2019-06-10,9804.0,9588.0,9853.0,9686.0,78201.0,9929.4118,-0.8032,-0.00806443028208298,-0.00806443028208298
2019-06-11,9686.0,9588.0,9853.0,9667.0,51022.0,9872.549,-0.2024,-0.002026051056025589,-0.002026051056025589
2019-06-12,9765.0,9578.0,9765.0,9608.0,34114.0,9784.3137,-0.6085,-0.006103589060485594,-0.006103589060485594
2019-06-13,9627.0,9608.0,9784.0,9696.0,27041.0,9684.3137,0.9184,0.009142083517192904,0.009142083517192904
2019-06-14,9696.0,9618.0,9794.0,9794.0,52065.0,9690.1961,1.0111,0.010060225804595695,0.010060225804595695
2019-06-17,9608.0,9529.0,9853.0,9559.0,65323.0,9664.7059,-2.4024,-0.024317283035322077,-0.024317283035322077
2019-06-18,9559.0,9255.0,9765.0,9304.0,106146.0,9592.1569,-2.6667,-0.027029014853731374,-0.027029014853731374
2019-06-19,9314.0,9265.0,9480.0,9333.0,34477.0,9537.2549,0.3161,0.003156014542757394,0.003156014542757394
2019-06-20,9265.0,9265.0,9451.0,9324.0,18722.0,9462.7451,-0.105,-0.0010505516361791274,-0.0010505516361791274
2019-06-21,9324.0,9235.0,9412.0,9235.0,42948.0,9350.9804,-0.9464,-0.009509068223843616,-0.009509068223843616
2019-06-24,9118.0,8490.0,9147.0,8618.0,152549.0,9162.7451,-6.6879,-0.069220397369002,-0.029558582241568588
2019-06-25,8431.0,8431.0,8765.0,8510.0,63257.0,9003.9216,-1.2514,-0.012592959522547681,-0.012592959522547681
2019-06-26,8510.0,8382.0,8686.0,8382.0,51084.0,8813.7255,-1.4977,-0.015090287828854016,-0.015090287828854016
2019-06-27,8627.0,8196.0,8765.0,8245.0,80107.0,8598.0392,-1.6374,-0.016509535479901877,-0.016509535479901877
2019-06-28,8127.0,8127.0,9706.0,8676.0,304121.0,8486.2745,5.2319,0.05099630028916906,0.02934227394661604
2019-07-01,8627.0,8382.0,8676.0,8392.0,36188.0,8441.1765,-3.2768,-0.03331689503448161,-0.029558582241568588
2019-07-02,8392.0,8392.0,8657.0,8529.0,38423.0,8445.098,1.6355,0.016222697575843204,0.016222697575843204
2019-07-03,8431.0,8431.0,8608.0,8520.0,10279.0,8472.549,-0.1149,-0.0011496606065730722,-0.0011496606065730722
2019-07-04,8539.0,8480.0,8676.0,8539.0,12966.0,8531.3725,0.2301,0.002298356753463751,0.002298356753463751
2019-07-05,8706.0,8382.0,8706.0,8500.0,14745.0,8496.0784,-0.4592,-0.00460257561991727,-0.00460257561991727
2019-07-08,8500.0,8284.0,8500.0,8382.0,16713.0,8494.1176,-1.3841,-0.013937679773620967,-0.013937679773620967
2019-07-09,8304.0,7941.0,8500.0,8235.0,16946.0,8435.2941,-1.7544,-0.017699719956553985,-0.017699719956553985
2019-07-10,7971.0,7971.0,8314.0,8147.0,30902.0,8360.7843,-1.0714,-0.010771808173288554,-0.010771808173288554
2019-07-11,8147.0,8010.0,8294.0,8137.0,22514.0,8280.3922,-0.1203,-0.001203724185354871,-0.001203724185354871
2019-07-12,7990.0,7804.0,8157.0,8039.0,81918.0,8188.2353,-1.2048,-0.012121165410412573,-0.012121165410412573
2019-07-15,7804.0,7647.0,8000.0,7873.0,126883.0,8086.2745,-2.0732,-0.02094992519078475,-0.02094992519078475
2019-07-16,7775.0,7775.0,8137.0,7922.0,35636.0,8023.5294,0.6227,0.006207692346550444,0.006207692346550444
2019-07-17,7824.0,7618.0,7980.0,7843.0,65895.0,7962.7451,-0.9901,-0.009950340853168182,-0.009950340853168182
2019-07-18,7686.0,7686.0,7912.0,7804.0,23543.0,7896.0784,-0.5,-0.005012541823544286,-0.005012541823544286
2019-07-19,8020.0,7696.0,8020.0,7843.0,14633.0,7856.8627,0.5025,0.005012416823536527,0.005012416823536527
2019-07-22,7843.0,7843.0,8069.0,7882.0,19045.0,7858.8235,0.5,0.004987541511038968,0.004987541511038968
2019-07-23,7873.0,7637.0,8010.0,7647.0,35342.0,7803.9216,-2.9851,-0.030305611033824648,-0.029558582241568588
2019-07-24,7765.0,7490.0,7824.0,7490.0,26364.0,7733.3333,-2.0513,-0.02072631376320702,-0.02072631376320702
2019-07-25,7490.0,7245.0,7647.0,7392.0,36960.0,7650.9804,-1.3089,-0.013175415853524663,-0.013175415853524663
2019-07-26,7392.0,6941.0,7392.0,6961.0,111541.0,7474.5098,-5.8355,-0.06012693318397064,-0.029558582241568588
2019-07-29,7490.0,7078.0,8235.0,7284.0,333442.0,7354.902,4.6479,0.04543119581294248,0.02934227394661604
2019-07-30,7284.0,7167.0,7912.0,7657.0,77324.0,7356.8627,5.1144,0.04987909487864897,0.02934227394661604
2019-07-31,7667.0,7529.0,7902.0,7843.0,76787.0,7427.451,2.4328,0.024036787828219188,0.024036787828219188
2019-08-01,7843.0,7765.0,8137.0,7843.0,67757.0,7517.6471,0.0,0.0,0.0
2019-08-02,7824.0,7353.0,7843.0,7824.0,38490.0,7690.1961,-0.25,-0.002503130218118477,-0.002503130218118477
2019-08-05,7657.0,7206.0,7971.0,7324.0,60091.0,7698.0392,-6.391,-0.06604365328087594,-0.029558582241568588
2019-08-06,7324.0,6863.0,7539.0,7314.0,40697.0,7629.4118,-0.1339,-0.0013398972615448887,-0.0013398972615448887
2019-08-07,7010.0,7010.0,7471.0,7402.0,31459.0,7541.1765,1.2064,0.011991809972358759,0.011991809972358759
2019-08-08,7549.0,7304.0,7784.0,7725.0,29238.0,7517.6471,4.3709,0.04278071497426658,0.02934227394661604
2019-08-09,8137.0,7775.0,8137.0,7833.0,40322.0,7519.6078,1.3959,0.013862470426468982,0.013862470426468982
2019-08-12,7853.0,7735.0,8020.0,7961.0,26704.0,7647.0588,1.627,0.016139061883032737,0.016139061883032737
2019-08-13,7980.0,7892.0,8039.0,7971.0,26075.0,7778.4314,0.1232,0.0012312417107442422,0.0012312417107442422
2019-08-14,8108.0,7843.0,8108.0,7941.0,35961.0,7886.2745,-0.369,-0.003696824844289762,-0.003696824844289762
2019-08-15,8108.0,7843.0,8108.0,7941.0,35961.0,7886.2745,0.0,0.0,0.0
2019-08-16,7941.0,7922.0,8206.0,8118.0,89057.0,7964.7059,2.2222,0.02197868932744723,0.02197868932744723
2019-08-19,8147.0,8137.0,8402.0,8402.0,63258.0,8078.4314,3.5024,0.03442461485428252,0.02934227394661604
2019-08-20,8529.0,8353.0,8696.0,8686.0,41051.0,8223.5294,3.3839,0.03327905796666872,0.02934227394661604
2019-08-21,8814.0,8637.0,8833.0,8706.0,69350.0,8370.5882,0.2257,0.0022544568014471757,0.0022544568014471757
2019-08-22,8725.0,8363.0,8873.0,8461.0,78110.0,8474.5098,-2.8153,-0.028556894318951507,-0.028556894318951507
2019-08-23,8510.0,8373.0,8716.0,8657.0,84617.0,8582.3529,2.3175,0.022910537833102394,0.022910537833102394
2019-08-26,8598.0,8382.0,8608.0,8431.0,29651.0,8588.2353,-2.6048,-0.026393257868134148,-0.026393257868134148
2019-08-27,8539.0,8402.0,8539.0,8461.0,12741.0,8543.1373,0.3488,0.0034819310362692174,0.0034819310362692174
2019-08-28,8500.0,8343.0,8510.0,8490.0,14098.0,8500.0,0.3476,0.0034699726752821305,0.0034699726752821305
2019-08-29,8480.0,8363.0,8529.0,8441.0,16156.0,8496.0784,-0.5774,-0.005790733983771478,-0.005790733983771478
2019-08-30,8431.0,8333.0,8500.0,8343.0,16664.0,8433.3333,-1.1614,-0.011681969273945795,-0.011681969273945795
2019-09-02,8941.0,8235.0,9510.0,8304.0,1526624.0,8407.8431,-0.47,-0.004711079730119223,-0.004711079730119223
2019-09-03,8343.0,7843.0,8363.0,8039.0,271062.0,8323.5294,-3.1877,-0.03239613366207269,-0.029558582241568588
2019-09-04,8176.0,7990.0,8363.0,8108.0,129453.0,8247.0588,0.8537,0.008500765889854576,0.008500765889854576
2019-09-05,8333.0,8010.0,8343.0,8049.0,111534.0,8168.6275,-0.7255,-0.007281445498191307,-0.007281445498191307
2019-09-06,8108.0,7853.0,8127.0,7873.0,74966.0,8074.5098,-2.1924,-0.022167902355103273,-0.022167902355103273
2019-09-09,7873.0,7745.0,8029.0,7941.0,83139.0,8001.9608,0.8717,0.008679226312268204,0.008679226312268204
2019-09-10,7941.0,7814.0,8118.0,8039.0,153604.0,8001.9608,1.2346,0.01227040966493478,0.01227040966493478
2019-09-11,8029.0,7892.0,8118.0,8069.0,51653.0,7994.1176,0.3659,0.0036523221440593946,0.0036523221440593946
2019-09-12,8029.0,7892.0,8118.0,8069.0,51653.0,7994.1176,0.0,0.0,0.0
2019-09-13,8029.0,7892.0,8118.0,8069.0,51653.0,7994.1176,0.0,0.0,0.0
2019-09-16,8069.0,7873.0,8137.0,8078.0,59391.0,8000.0,0.1215,0.00121426248482681,0.00121426248482681
2019-09-17,8069.0,7941.0,8078.0,8059.0,30400.0,8037.2549,-0.2427,-0.0024299499384669875,-0.0024299499384669875
2019-09-18,8098.0,8010.0,8196.0,8078.0,45795.0,8064.7059,0.2433,0.002430045047462415,0.002430045047462415
2019-09-19,8196.0,8039.0,8275.0,8186.0,72715.0,8094.1176,1.335,0.013261673983185184,0.013261673983185184
2019-09-20,8137.0,8098.0,8284.0,8127.0,10469.0,8105.8824,-0.7186,-0.00721194366014191,-0.00721194366014191
2019-09-23,8059.0,8010.0,8186.0,8069.0,17941.0,8103.9216,-0.7238,-0.007264321408474716,-0.007264321408474716
2019-09-24,7951.0,7951.0,8176.0,8098.0,15409.0,8111.7647,0.3645,0.003638373086018951,0.003638373086018951
2019-09-25,7990.0,7912.0,8098.0,7912.0,25307.0,8078.4314,-2.3002,-0.02327067402435641,-0.02327067402435641
2019-09-26,7912.0,7853.0,8147.0,7990.0,31977.0,8039.2157,0.9913,0.009864188529163298,0.009864188529163298
2019-09-27,7912.0,7902.0,8118.0,8108.0,26403.0,8035.2941,1.4724,0.014616654334216501,0.014616654334216501
2019-09-30,8029.0,7892.0,8137.0,8118.0,23626.0,8045.098,0.1209,0.001208269748023847,0.001208269748023847
2019-10-01,8108.0,8049.0,8167.0,8127.0,18537.0,8050.9804,0.1208,0.0012072709550652195,0.0012072709550652195
2019-10-02,8020.0,8020.0,8137.0,8078.0,10096.0,8084.3137,-0.6031,-0.006049259934627867,-0.006049259934627867
2019-10-03,8020.0,8020.0,8137.0,8078.0,10096.0,8084.3137,0.0,0.0,0.0
2019-10-04,8127.0,7971.0,8127.0,7971.0,20449.0,8080.3922,-1.335,-0.013439912366702163,-0.013439912366702163
2019-10-07,7971.0,7912.0,8078.0,7951.0,14585.0,8049.0196,-0.246,-0.0024630307714855384,-0.0024630307714855384
2019-10-08,7951.0,7784.0,8069.0,7892.0,40087.0,8003.9216,-0.7398,-0.007425500920490077,-0.007425500920490077
2019-10-09,7951.0,7784.0,8069.0,7892.0,40087.0,8003.9216,0.0,0.0,0.0
2019-10-10,7892.0,7794.0,8020.0,7961.0,34496.0,7970.5882,0.8696,0.008658407570641371,0.008658407570641371
2019-10-11,8000.0,7912.0,8000.0,7961.0,12106.0,7947.0588,0.0,0.0,0.0
2019-10-14,8000.0,7784.0,8000.0,7922.0,37911.0,7937.2549,-0.4926,-0.0049381727296974,-0.0049381727296974
2019-10-15,7922.0,7775.0,8088.0,7951.0,21660.0,7937.2549,0.3713,0.0037061238310541565,0.0037061238310541565
2019-10-16,7951.0,7873.0,8039.0,7892.0,11896.0,7937.2549,-0.7398,-0.007425500920490077,-0.007425500920490077
2019-10-17,7892.0,7863.0,7971.0,7902.0,16009.0,7925.4902,0.1242,0.001241229356027176,0.001241229356027176
2019-10-18,8216.0,7814.0,8216.0,7863.0,31620.0,7905.8824,-0.4963,-0.004975356585275634,-0.004975356585275634
2019-10-21,7833.0,7775.0,7892.0,7843.0,22385.0,7890.1961,-0.2494,-0.0024971151986148076,-0.0024971151986148076
2019-10-22,7892.0,7647.0,8363.0,7686.0,479880.0,7837.2549,-2.0,-0.020202707317519466,-0.020202707317519466
2019-10-23,7765.0,7765.0,8078.0,8020.0,119231.0,7862.7451,4.3367,0.04245298373394645,0.02934227394661604
2019-10-24,8088.0,7922.0,8088.0,8039.0,36564.0,7890.1961,0.2445,0.0024420158506736496,0.0024420158506736496
2019-10-25,8137.0,7882.0,8529.0,8255.0,609238.0,7968.6275,2.6829,0.026475412701333453,0.026475412701333453
2019-10-28,8333.0,7873.0,8333.0,7980.0,179665.0,7996.0784,-3.3254,-0.03381948607763742,-0.029558582241568588
2019-10-29,8020.0,7922.0,8167.0,8127.0,56633.0,8084.3137,1.8428,0.01826026199150909,0.01826026199150909
2019-10-30,8049.0,8010.0,8118.0,8078.0,24374.0,8096.0784,-0.6031,-0.006049259934627867,-0.006049259934627867
2019-10-31,8137.0,8039.0,8137.0,8049.0,47419.0,8098.0392,-0.3641,-0.0036476445739991696,-0.0036476445739991696
2019-11-01,8167.0,8088.0,8363.0,8137.0,100561.0,8074.5098,1.0962,0.010902352783969982,0.010902352783969982
2019-11-04,8108.0,8059.0,8324.0,8304.0,43057.0,8139.2157,2.0482,0.020275064699660825,0.020275064699660825
2019-11-05,8235.0,8235.0,8461.0,8324.0,81715.0,8178.4314,0.2361,0.0023582172187370646,0.0023582172187370646
2019-11-06,8284.0,8235.0,8529.0,8520.0,87418.0,8266.6667,2.3557,0.023283815824002668,0.023283815824002668
2019-11-07,8529.0,8392.0,8598.0,8422.0,70557.0,8341.1765,-1.1507,-0.011573717833058966,-0.011573717833058966
2019-11-08,8627.0,8412.0,8627.0,8520.0,44384.0,8417.6471,1.1641,0.011573764846057828,0.011573764846057828
2019-11-11,8559.0,8480.0,8618.0,8598.0,50955.0,8476.4706,0.9206,0.009163883070302895,0.009163883070302895
2019-11-12,8578.0,8549.0,8676.0,8647.0,54338.0,8541.1765,0.5701,0.005684810800109135,0.005684810800109135
2019-11-13,8794.0,8647.0,9010.0,8941.0,205664.0,8625.4902,3.4014,0.03344831564641464,0.02934227394661604
2019-11-14,8912.0,8471.0,8922.0,8765.0,130347.0,8694.1176,-1.9737,-0.01993437597465573,-0.01993437597465573
2019-11-15,8549.0,8549.0,8784.0,8608.0,81580.0,8711.7647,-1.7897,-0.01805908814432445,-0.01805908814432445
2019-11-18,8529.0,8461.0,8696.0,8461.0,46992.0,8684.3137,-1.7084,-0.017231615182089204,-0.017231615182089204
2019-11-19,8725.0,8333.0,8873.0,8343.0,99241.0,8623.5294,-1.3905,-0.014002580136375996,-0.014002580136375996
2019-11-20,8324.0,8108.0,8529.0,8176.0,76991.0,8470.5882,-1.9976,-0.02017821782147123,-0.02017821782147123
2019-11-21,8176.0,7990.0,8422.0,8275.0,53131.0,8372.549,1.199,0.011918689393527266,0.011918689393527266
2019-11-22,8235.0,8137.0,8304.0,8167.0,39480.0,8284.3137,-1.3033,-0.01311867475806174,-0.01311867475806174
2019-11-25,8088.0,8069.0,8235.0,8176.0,26321.0,8227.451,0.12,0.001199280575482187,0.001199280575482187
2019-11-26,8284.0,8137.0,8294.0,8186.0,18891.0,8196.0784,0.1199,0.0011982817735449707,0.0011982817735449707
2019-11-27,8147.0,8108.0,8314.0,8186.0,66443.0,8198.0392,0.0,0.0,0.0
2019-11-28,8118.0,8010.0,8382.0,8078.0,116036.0,8158.8235,-1.3174,-0.013261546883193306,-0.013261546883193306
2019-11-29,8078.0,7990.0,8176.0,8078.0,26405.0,8141.1765,0.0,0.0,0.0
2019-12-02,8078.0,8020.0,8186.0,8108.0,22955.0,8127.451,0.3641,0.0036343876051259457,0.0036343876051259457
2019-12-03,8078.0,8049.0,8216.0,8098.0,24253.0,8109.8039,-0.1209,-0.0012097314300921036,-0.0012097314300921036
2019-12-04,8069.0,8039.0,8118.0,8049.0,19429.0,8082.3529,-0.6053,-0.006071393666637534,-0.006071393666637534
2019-12-05,8049.0,7941.0,8157.0,8029.0,47892.0,8072.549,-0.2436,-0.0024389718753065103,-0.0024389718753065103
2019-12-06,8029.0,7843.0,8078.0,8000.0,23909.0,8056.8627,-0.3663,-0.003669725212491805,-0.003669725212491805
2019-12-09,8000.0,7833.0,8127.0,7853.0,51504.0,8005.8824,-1.8382,-0.01855304834525064,-0.01855304834525064
2019-12-10,7863.0,7745.0,7902.0,7843.0,43192.0,7954.902,-0.1248,-0.0012487794005287516,-0.0012487794005287516
2019-12-11,7843.0,7833.0,8039.0,7843.0,96345.0,7913.7255,0.0,0.0,0.0
2019-12-12,7922.0,7755.0,7922.0,7824.0,57810.0,7872.549,-0.25,-0.002503130218118477,-0.002503130218118477
2019-12-13,7824.0,7735.0,7863.0,7745.0,63464.0,7821.5686,-1.0025,-0.0100755886976043,-0.0100755886976043
2019-12-16,7745.0,7500.0,7745.0,7598.0,141060.0,7770.5882,-1.8987,-0.01916956772068407,-0.01916956772068407
2019-12-17,7667.0,7569.0,7980.0,7912.0,154664.0,7784.3137,4.129,0.04046032912721062,0.02934227394661604
2019-12-18,7931.0,7578.0,7941.0,7627.0,97692.0,7741.1765,-3.5936,-0.036597596533818895,-0.029558582241568588
2019-12-19,7657.0,7520.0,7676.0,7578.0,70990.0,7692.1569,-0.6427,-0.0064477420851836355,-0.0064477420851836355
2019-12-20,7549.0,7510.0,7686.0,7588.0,51142.0,7660.7843,0.1294,0.0012931635035397587,0.0012931635035397587
2019-12-23,7676.0,7598.0,7824.0,7676.0,74703.0,7676.4706,1.1628,0.011560914355094718,0.011560914355094718
2019-12-24,7765.0,7637.0,7765.0,7676.0,79272.0,7629.4118,0.0,0.0,0.0
2019-12-26,7598.0,7598.0,7833.0,7804.0,343744.0,7664.7059,1.6603,0.016466677039491968,0.016466677039491968
2019-12-27,7716.0,7637.0,7784.0,7686.0,99372.0,7686.2745,-1.5075,-0.015189782840987102,-0.015189782840987102
2019-12-30,7686.0,7618.0,7716.0,7647.0,69379.0,7698.0392,-0.5102,-0.005115059641130294,-0.005115059641130294
2019-12-31,7686.0,7618.0,7716.0,7647.0,69379.0,7698.0392,0.0,0.0,0.0
2020-01-02,7608.0,7510.0,7676.0,7559.0,73969.0,7674.5098,-1.1538,-0.01160507919434695,-0.01160507919434695
2020-01-03,7569.0,7471.0,7569.0,7471.0,39204.0,7633.3333,-1.1673,-0.011741664333387962,-0.011741664333387962
2020-01-06,7471.0,7294.0,7471.0,7294.0,46543.0,7531.3725,-2.3622,-0.023905472466458837,-0.023905472466458837
2020-01-07,7314.0,7245.0,7598.0,7588.0,71181.0,7511.7647,4.0323,0.039531241857329306,0.02934227394661604
2020-01-08,7549.0,7255.0,7647.0,7353.0,75825.0,7452.9412,-3.1008,-0.03149892305940379,-0.029558582241568588
2020-01-09,7363.0,7314.0,7461.0,7343.0,31800.0,7409.8039,-0.1333,-0.0013338892348212174,-0.0013338892348212174
2020-01-10,7304.0,7157.0,7451.0,7196.0,60051.0,7354.902,-2.0027,-0.020230258717463964,-0.020230258717463964
2020-01-13,7157.0,7098.0,7549.0,7216.0,49252.0,7339.2157,0.2725,0.002721293918687803,0.002721293918687803
2020-01-14,7206.0,7196.0,7441.0,7343.0,54358.0,7290.1961,1.7663,0.017508822064710803,0.017508822064710803
2020-01-15,7314.0,7314.0,7539.0,7471.0,76247.0,7313.7255,1.7356,0.01720710497771654,0.01720710497771654
2020-01-16,7451.0,7451.0,7784.0,7598.0,134337.0,7364.7059,1.706,0.01691611237631295,0.01691611237631295
2020-01-17,7745.0,7539.0,7814.0,7725.0,42778.0,7470.5882,1.6774,0.01663487014918413,0.01663487014918413
2020-01-20,7637.0,7569.0,7706.0,7569.0,81883.0,7541.1765,-2.0305,-0.020513980247707727,-0.020513980247707727
2020-01-21,7578.0,7451.0,7588.0,7529.0,18282.0,7578.4314,-0.5181,-0.005194467918831548,-0.005194467918831548
2020-01-22,7529.0,7471.0,7804.0,7549.0,69211.0,7594.1176,0.2604,0.0026006154662773662,0.0026006154662773662
2020-01-23,7618.0,7500.0,7735.0,7637.0,36129.0,7601.9608,1.1688,0.011620222935679794,0.011620222935679794
2020-01-24,7618.0,7500.0,7735.0,7637.0,36129.0,7601.9608,0.0,0.0,0.0
2020-01-27,7618.0,7500.0,7735.0,7637.0,36129.0,7601.9608,0.0,0.0,0.0
2020-01-28,7598.0,7392.0,7725.0,7725.0,177396.0,7601.9608,1.1553,0.011486773682525727,0.011486773682525727
2020-01-29,7745.0,7578.0,7775.0,7578.0,116186.0,7603.9216,-1.9036,-0.019219517337840913,-0.019219517337840913
2020-01-30,7578.0,7206.0,7725.0,7490.0,95723.0,7596.0784,-1.1643,-0.01171131046802315,-0.01171131046802315
2020-01-31,7363.0,7265.0,7569.0,7422.0,76954.0,7570.5882,-0.9162,-0.009204229256199263,-0.009204229256199263
2020-02-03,7353.0,7020.0,7706.0,7373.0,106691.0,7517.6471,-0.6605,-0.006626909540800612,-0.006626909540800612
2020-02-04,7402.0,7284.0,7549.0,7451.0,62463.0,7462.7451,1.0638,0.010581814593651324,0.010581814593651324
2020-02-05,7529.0,7353.0,7529.0,7441.0,17744.0,7435.2941,-0.1316,-0.001316866688458104,-0.001316866688458104
2020-02-06,7520.0,7392.0,7657.0,7529.0,174138.0,7443.1373,1.1858,0.011788244814500387,0.011788244814500387
2020-02-07,7529.0,7461.0,7745.0,7529.0,172324.0,7464.7059,0.0,0.0,0.0
2020-02-10,7490.0,7402.0,7608.0,7461.0,77196.0,7482.3529,-0.9115,-0.009156795785417693,-0.009156795785417693
2020-02-11,7461.0,7353.0,7549.0,7461.0,71148.0,7484.3137,0.0,0.0,0.0
2020-02-12,7471.0,7304.0,7549.0,7431.0,57368.0,7482.3529,-0.3942,-0.003949790161283259,-0.003949790161283259
2020-02-13,7373.0,7353.0,7451.0,7353.0,31128.0,7447.0588,-1.0554,-0.010610088445352928,-0.010610088445352928
2020-02-14,7441.0,7343.0,7441.0,7402.0,7823.0,7421.5686,0.6667,0.00664487384444155,0.00664487384444155
2020-02-17,7402.0,7314.0,7402.0,7324.0,17608.0,7394.1176,-1.0596,-0.010652537342446092,-0.010652537342446092
2020-02-18,7324.0,7235.0,7343.0,7324.0,31844.0,7366.6667,0.0,0.0,0.0
2020-02-19,7324.0,7255.0,7529.0,7529.0,80166.0,7386.2745,2.8112,0.027724110514759075,0.027724110514759075
2020-02-20,7529.0,7373.0,7676.0,7578.0,111982.0,7431.3725,0.651,0.0064889014681246675,0.0064889014681246675
2020-02-21,7676.0,7598.0,9598.0,9020.0,5337725.0,7754.902,19.0168,0.17409447362956607,0.02934227394661604
2020-02-24,9294.0,7824.0,9412.0,7843.0,1747974.0,7858.8235,-13.0435,-0.13976219237518991,-0.029558582241568588
2020-02-25,7676.0,7549.0,7765.0,7627.0,356859.0,7919.6078,-2.75,-0.027885203489535663,-0.027885203489535663
2020-02-26,7598.0,7598.0,8824.0,7833.0,1417063.0,7980.3922,2.6992,0.026634141237405626,0.026634141237405626
2020-02-27,7961.0,7853.0,8363.0,8069.0,981963.0,8078.4314,3.0038,0.0295956947648904,0.02934227394661604
2020-02-28,7941.0,7676.0,8265.0,7784.0,650833.0,7831.3725,-3.5237,-0.03587280366167415,-0.029558582241568588
2020-03-02,8039.0,7902.0,8608.0,8235.0,961109.0,7909.8039,5.7935,0.056318894875830146,0.02934227394661604
2020-03-03,8059.0,7853.0,8137.0,7863.0,618740.0,7956.8627,-4.5238,-0.04629318422022634,-0.029558582241568588
2020-03-04,7824.0,7510.0,7824.0,7549.0,371321.0,7900.0,-3.99,-0.040717833278559004,-0.029558582241568588
2020-03-05,7588.0,7304.0,7627.0,7373.0,278205.0,7760.7843,-2.3377,-0.02365457653626192,-0.02365457653626192
2020-03-06,7353.0,7245.0,7490.0,7324.0,216954.0,7668.6275,-0.6649,-0.0066712030740527116,-0.0066712030740527116
2020-03-09,7294.0,7294.0,7608.0,7500.0,268500.0,7521.5686,2.4096,0.02381027222305933,0.02381027222305933
2020-03-10,7333.0,7108.0,7451.0,7186.0,226639.0,7386.2745,-4.183,-0.04273006372706269,-0.029558582241568588
2020-03-11,7206.0,6863.0,7500.0,7029.0,327874.0,7282.3529,-2.1828,-0.02206975528982611,-0.02206975528982611
2020-03-12,6951.0,6686.0,7235.0,6941.0,230505.0,7196.0784,-1.2552,-0.012631441821201381,-0.012631441821201381
2020-03-13,6373.0,6373.0,6941.0,6725.0,453038.0,7076.4706,-3.1073,-0.03156600532654123,-0.029558582241568588
2020-03-16,6725.0,6618.0,7157.0,6618.0,200071.0,6900.0,-1.6035,-0.01616495166817035,-0.01616495166817035
2020-03-17,6078.0,6078.0,6941.0,6510.0,426081.0,6764.7059,-1.6296,-0.016430240191322033,-0.016430240191322033
2020-03-18,6353.0,6343.0,6814.0,6353.0,166460.0,6629.4118,-2.4096,-0.024391058062508807,-0.024391058062508807
2020-03-19,6422.0,5931.0,6490.0,6108.0,253391.0,6462.7451,-3.858,-0.039343920743024736,-0.029558582241568588
2020-03-20,6029.0,6029.0,6529.0,6353.0,177423.0,6388.2353,4.0128,0.03934378250301506,0.02934227394661604
2020-03-23,6127.0,5892.0,6304.0,6235.0,134455.0,6311.7647,-1.8519,-0.018692623578310565,-0.018692623578310565
2020-03-24,6275.0,6275.0,6520.0,6471.0,42726.0,6303.9216,3.7736,0.03704141713488395,0.02934227394661604
2020-03-25,6578.0,6451.0,7216.0,6814.0,527879.0,6396.0784,5.303,0.05167172277449524,0.02934227394661604
2020-03-26,6912.0,6569.0,7059.0,6833.0,321406.0,6541.1765,0.2878,0.002873866486934507,0.002873866486934507
2020-03-27,7010.0,6324.0,7147.0,6931.0,355004.0,6656.8627,1.4347,0.014245055701799956,0.014245055701799956
2020-03-30,7725.0,7539.0,8676.0,8206.0,4025180.0,7050.9804,18.3876,0.16879380124754306,0.02934227394661604
2020-03-31,8775.0,7333.0,8814.0,7725.0,2609522.0,7301.9608,-5.8542,-0.06032554154539816,-0.029558582241568588
2020-04-01,7784.0,7206.0,7833.0,7304.0,584387.0,7400.0,-5.4569,-0.05611437080730331,-0.029558582241568588
2020-04-02,7255.0,7225.0,8010.0,7755.0,932448.0,7584.3137,6.1745,0.05991378099365638,0.02934227394661604
2020-04-03,7765.0,7441.0,7804.0,7676.0,238998.0,7733.3333,-1.0114,-0.010165493999097643,-0.010165493999097643
2020-04-06,7804.0,7569.0,7853.0,7725.0,278734.0,7637.2549,0.6386,0.006365695897487269,0.006365695897487269
2020-04-07,7755.0,7627.0,8039.0,7804.0,494360.0,7652.9412,1.0152,0.010100814579429056,0.010100814579429056
2020-04-08,7922.0,7667.0,7941.0,7676.0,280716.0,7727.451,-1.6332,-0.016466837235504888,-0.016466837235504888
2020-04-09,7873.0,7529.0,7990.0,7588.0,211058.0,7694.1176,-1.1494,-0.011560566587155222,-0.011560566587155222
2020-04-10,7598.0,7412.0,7667.0,7549.0,218081.0,7668.6275,-0.5168,-0.005181400300439954,-0.005181400300439954
2020-04-13,7549.0,7382.0,7608.0,7451.0,125239.0,7613.7255,-1.2987,-0.01307206840945809,-0.01307206840945809
2020-04-14,7529.0,7451.0,7667.0,7667.0,162833.0,7586.2745,2.8947,0.028535949208604285,0.028535949208604285
2020-04-15,7529.0,7451.0,7667.0,7667.0,162833.0,7586.2745,0.0,0.0,0.0
2020-04-16,7735.0,7490.0,7765.0,7647.0,86589.0,7580.3922,-0.2558,-0.002561277272034174,-0.002561277272034174
2020-04-17,7578.0,7451.0,7637.0,7598.0,145932.0,7582.3529,-0.641,-0.006430632265807622,-0.006430632265807622
2020-04-20,7608.0,7510.0,7637.0,7559.0,100066.0,7584.3137,-0.5161,-0.005174363961266284,-0.005174363961266284
2020-04-21,7559.0,7324.0,7667.0,7627.0,209982.0,7619.6078,0.9079,0.009038033648474353,0.009038033648474353
2020-04-22,7598.0,7480.0,7657.0,7627.0,136417.0,7611.7647,0.0,0.0,0.0
2020-04-23,7686.0,7569.0,7755.0,7686.0,105474.0,7619.6078,0.7712,0.007682414539359794,0.007682414539359794
2020-04-24,7627.0,7431.0,7716.0,7431.0,89522.0,7586.2745,-3.3163,-0.03372536030174144,-0.029558582241568588
2020-04-27,7431.0,7431.0,7647.0,7637.0,117980.0,7601.9608,2.7704,0.0273271878277515,0.0273271878277515
2020-04-28,7676.0,7490.0,7686.0,7588.0,40788.0,7594.1176,-0.6418,-0.0064386839090474135,-0.0064386839090474135
2020-04-29,7676.0,7549.0,7696.0,7588.0,95289.0,7586.2745,0.0,0.0,0.0
2020-04-30,7676.0,7549.0,7696.0,7588.0,95289.0,7586.2745,0.0,0.0,0.0
2020-05-01,7676.0,7549.0,7696.0,7588.0,95289.0,7586.2745,0.0,0.0,0.0
2020-05-04,7520.0,7461.0,7637.0,7598.0,72197.0,7568.6275,0.1292,0.0012911660862005422,0.0012911660862005422
2020-05-05,7520.0,7461.0,7637.0,7598.0,72197.0,7568.6275,0.0,0.0,0.0
2020-05-06,7696.0,7588.0,7696.0,7686.0,92655.0,7619.6078,1.1613,0.011546086660321678,0.011546086660321678
2020-05-07,7706.0,7618.0,7706.0,7637.0,53038.0,7619.6078,-0.6378,-0.006398426341122387,-0.006398426341122387
2020-05-08,7657.0,7578.0,7814.0,7804.0,125456.0,7662.7451,2.1823,0.0215882869585485,0.0215882869585485
2020-05-11,8059.0,7853.0,8176.0,7873.0,608610.0,7719.6078,0.8794,0.00875555799029848,0.00875555799029848
2020-05-12,7873.0,7500.0,7873.0,7529.0,195572.0,7705.8824,-4.3587,-0.044565450851283356,-0.029558582241568588
2020-05-13,7598.0,7510.0,7892.0,7676.0,220557.0,7703.9216,1.9531,0.019342717632372868,0.019342717632372868
2020-05-14,7549.0,7471.0,7804.0,7569.0,137813.0,7690.1961,-1.4049,-0.014148621354740942,-0.014148621354740942
2020-05-15,7578.0,7402.0,7627.0,7490.0,129191.0,7627.451,-1.0363,-0.01041706975882696,-0.01041706975882696
2020-05-18,7314.0,7137.0,7441.0,7275.0,188994.0,7507.8431,-2.8796,-0.02921874006923978,-0.02921874006923978
2020-05-19,7265.0,7206.0,7490.0,7343.0,191715.0,7470.5882,0.9434,0.009389777733015844,0.009389777733015844
2020-05-20,7284.0,7284.0,7520.0,7402.0,68865.0,7415.6863,0.8011,0.007979082288046502,0.007979082288046502
2020-05-21,7549.0,7353.0,7549.0,7353.0,52015.0,7372.549,-0.6623,-0.006645029385453713,-0.006645029385453713
2020-05-22,7353.0,7206.0,7422.0,7255.0,53111.0,7325.4902,-1.3333,-0.013422682494359956,-0.013422682494359956
2020-05-25,7235.0,7216.0,7343.0,7235.0,41117.0,7317.6471,-0.2703,-0.0027066597007684152,-0.0027066597007684152
2020-05-26,7196.0,7196.0,7324.0,7294.0,51548.0,7307.8431,0.813,0.008097129587454798,0.008097129587454798
2020-05-27,7324.0,7186.0,7343.0,7225.0,67514.0,7272.549,-0.9409,-0.00945354427205844,-0.00945354427205844
2020-05-28,7284.0,7108.0,7392.0,7147.0,93108.0,7231.3725,-1.0855,-0.010914345365880734,-0.010914345365880734
2020-05-29,7157.0,7098.0,7206.0,7098.0,35630.0,7200.0,-0.6859,-0.006882631059448287,-0.006882631059448287
2020-06-01,7039.0,7000.0,7314.0,7196.0,80730.0,7192.1569,1.3812,0.013717483640231651,0.013717483640231651
2020-06-02,7157.0,7049.0,7157.0,7137.0,37917.0,7160.7843,-0.8174,-0.008207590308015609,-0.008207590308015609
2020-06-03,7127.0,7049.0,7186.0,7127.0,82892.0,7141.1765,-0.1374,-0.0013749448035391939,-0.0013749448035391939
2020-06-04,7127.0,7069.0,7157.0,7069.0,52310.0,7125.4902,-0.8253,-0.008287244548158735,-0.008287244548158735
2020-06-05,7108.0,7029.0,7108.0,7069.0,52873.0,7119.6078,0.0,0.0,0.0
2020-06-08,7039.0,7020.0,7147.0,7078.0,35700.0,7096.0784,0.1387,0.001386039003998365,0.001386039003998365
2020-06-09,7098.0,7000.0,7137.0,7108.0,40143.0,7090.1961,0.4155,0.004146391823909717,0.004146391823909717
2020-06-10,7078.0,7069.0,7176.0,7167.0,35533.0,7098.0392,0.8276,0.00824194169399993,0.00824194169399993
2020-06-11,7225.0,7098.0,7225.0,7098.0,34393.0,7103.9216,-0.9576,-0.009622144712131457,-0.009622144712131457
2020-06-12,6971.0,6892.0,7098.0,6922.0,98326.0,7074.5098,-2.4862,-0.02517627953837446,-0.02517627953837446
2020-06-15,6922.0,6412.0,6980.0,6412.0,217456.0,6941.1765,-7.3654,-0.0765074640177838,-0.029558582241568588
2020-06-16,6441.0,6441.0,6657.0,6539.0,96034.0,6827.451,1.9878,0.019683012299454027,0.019683012299454027
2020-06-17,6471.0,6471.0,6647.0,6520.0,57068.0,6698.0392,-0.2999,-0.0030035060117746277,-0.0030035060117746277
2020-06-18,6490.0,6490.0,6657.0,6657.0,42868.0,6609.8039,2.1053,0.020834447727519148,0.020834447727519148
2020-06-19,6598.0,6598.0,6824.0,6765.0,139679.0,6578.4314,1.62,0.01607018017749446,0.01607018017749446
2020-06-22,6765.0,6657.0,6863.0,6745.0,61207.0,6645.098,-0.2899,-0.002903210239458251,-0.002903210239458251
2020-06-23,6745.0,6569.0,6833.0,6657.0,41988.0,6668.6275,-1.3081,-0.01316730978562616,-0.01316730978562616
2020-06-24,6853.0,6549.0,6882.0,6667.0,124945.0,6698.0392,0.1473,0.0014719161996614508,0.0014719161996614508
2020-06-25,6676.0,6676.0,7118.0,6794.0,187197.0,6725.4902,1.9118,0.018937547340037168,0.018937547340037168
2020-06-26,6794.0,6686.0,6882.0,6765.0,46812.0,6725.4902,-0.4329,-0.004338397250772116,-0.004338397250772116
2020-06-29,6618.0,6618.0,6882.0,6686.0,53561.0,6713.7255,-1.1594,-0.011661734469271655,-0.011661734469271655
2020-06-30,6686.0,6598.0,6804.0,6686.0,41574.0,6719.6078,0.0,0.0,0.0
2020-07-01,6775.0,6598.0,6775.0,6637.0,36341.0,6713.7255,-0.7331,-0.007358003838202091,-0.007358003838202091
2020-07-02,6647.0,6598.0,6706.0,6657.0,62313.0,6686.2745,0.2954,0.002949645515324057,0.002949645515324057
2020-07-03,6657.0,6578.0,6725.0,6686.0,25401.0,6670.5882,0.4418,0.004408269287664497,0.004408269287664497
2020-07-06,6608.0,6578.0,6735.0,6588.0,51437.0,6650.9804,-1.4663,-0.014771564344152572,-0.014771564344152572
2020-07-07,6667.0,6422.0,6667.0,6480.0,105531.0,6609.8039,-1.6369,-0.016504452259966666,-0.016504452259966666
2020-07-08,6510.0,6382.0,6510.0,6422.0,48470.0,6566.6667,-0.9077,-0.009118446964538335,-0.009118446964538335
2020-07-09,6461.0,6382.0,6529.0,6382.0,52767.0,6511.7647,-0.6107,-0.006125723995047548,-0.006125723995047548
2020-07-10,6422.0,6363.0,6480.0,6422.0,26877.0,6458.8235,0.6144,0.006125202586911569,0.006125202586911569
2020-07-13,6373.0,6373.0,6510.0,6451.0,40994.0,6431.3725,0.458,0.004569543714369872,0.004569543714369872
2020-07-14,6529.0,6402.0,6529.0,6441.0,68898.0,6423.5294,-0.152,-0.0015211563719387442,-0.0015211563719387442
2020-07-15,6441.0,6392.0,6569.0,6422.0,35151.0,6423.5294,-0.3044,-0.003048642391353237,-0.003048642391353237
2020-07-16,6490.0,6265.0,6500.0,6373.0,132938.0,6421.5686,-0.7634,-0.0076632881302708105,-0.0076632881302708105
2020-07-17,6373.0,6265.0,6373.0,6284.0,33410.0,6394.1176,-1.3846,-0.0139427499627847,-0.0139427499627847
2020-07-20,6314.0,6157.0,6353.0,6167.0,92435.0,6337.2549,-1.8721,-0.01889845618210646,-0.01889845618210646
2020-07-21,6216.0,6039.0,6225.0,6078.0,148754.0,6264.7059,-1.4308,-0.01441134640333218,-0.01441134640333218
2020-07-22,6078.0,5882.0,6147.0,5882.0,164068.0,6156.8627,-3.2258,-0.032789756156326434,-0.029558582241568588
2020-07-23,5971.0,5873.0,6069.0,6049.0,127785.0,6092.1569,2.8333,0.02793904454008026,0.02793904454008026
2020-07-24,6069.0,5961.0,6098.0,5980.0,65759.0,6031.3725,-1.1345,-0.011409845426580011,-0.011409845426580011
2020-07-27,6049.0,5980.0,6157.0,6088.0,113376.0,6015.6863,1.8033,0.017872334105874445,0.017872334105874445
2020-07-28,6167.0,6029.0,6176.0,6029.0,106518.0,6005.8824,-0.9662,-0.009708979980633133,-0.009708979980633133
2020-07-29,6029.0,5961.0,6098.0,5980.0,44503.0,6025.4902,-0.813,-0.008163228671951153,-0.008163228671951153
2020-07-30,5980.0,5882.0,6029.0,5971.0,56343.0,6009.8039,-0.1639,-0.001640344629933101,-0.001640344629933101
2020-07-31,5931.0,5912.0,6010.0,5971.0,46554.0,6007.8431,0.0,0.0,0.0
2020-08-03,5941.0,5853.0,5961.0,5882.0,98004.0,5966.6667,-1.4778,-0.014888282493805062,-0.014888282493805062
2020-08-04,5882.0,5882.0,5941.0,5902.0,39968.0,5941.1765,0.3333,0.0033274578667058913,0.0033274578667058913
2020-08-05,5873.0,5863.0,6078.0,6049.0,68885.0,5954.902,2.4917,0.024611633701913795,0.024611633701913795
2020-08-06,6108.0,6000.0,6108.0,6049.0,51438.0,5970.5882,0.0,0.0,0.0
2020-08-07,6049.0,5971.0,6078.0,6010.0,47141.0,5978.4314,-0.6483,-0.006504105913711666,-0.006504105913711666
2020-08-10,6010.0,5990.0,6098.0,6049.0,64696.0,6011.7647,0.6525,0.006503804338666068,0.006503804338666068
2020-08-11,6049.0,6029.0,6098.0,6078.0,80251.0,6047.0588,0.4862,0.004850218649850653,0.004850218649850653
2020-08-12,6088.0,6000.0,6098.0,6069.0,55104.0,6050.9804,-0.1613,-0.0016143022850789283,-0.0016143022850789283
2020-08-13,6137.0,6029.0,6137.0,6069.0,38933.0,6054.902,0.0,0.0,0.0
2020-08-14,6147.0,6088.0,6392.0,6275.0,227954.0,6107.8431,3.3926,0.0333632067940754,0.02934227394661604
2020-08-17,6147.0,6088.0,6392.0,6275.0,227954.0,6107.8431,0.0,0.0,0.0
2020-08-18,6510.0,6275.0,6529.0,6441.0,451182.0,6186.2745,2.6563,0.026216329193179122,0.026216329193179122
2020-08-19,6314.0,6147.0,6402.0,6147.0,171090.0,6200.0,-4.5662,-0.04673737258853744,-0.029558582241568588
2020-08-20,6176.0,6098.0,6569.0,6304.0,394917.0,6247.0588,2.5518,0.025197850789713226,0.025197850789713226
2020-08-21,6304.0,6206.0,6598.0,6588.0,244196.0,6350.9804,4.5101,0.04411353146409804,0.02934227394661604
2020-08-24,6676.0,6480.0,6755.0,6676.0,291943.0,6431.3725,1.3393,0.01330410659551587,0.01330410659551587
2020-08-25,6951.0,6598.0,7157.0,6931.0,1025597.0,6529.4118,3.8179,0.03746821688990729,0.02934227394661604
2020-08-26,6980.0,6931.0,7343.0,7314.0,1047181.0,6762.7451,5.5163,0.05369525736343625,0.02934227394661604
2020-08-27,7304.0,7108.0,7549.0,7284.0,989342.0,6958.8235,-0.4021,-0.004029105957166034,-0.004029105957166034
2020-08-28,7255.0,6775.0,7255.0,6843.0,533337.0,7009.8039,-6.0565,-0.06247664825915473,-0.029558582241568588
2020-08-31,6853.0,6657.0,6853.0,6667.0,141121.0,7007.8431,-2.5788,-0.026126339886338393,-0.026126339886338393
2020-09-01,6667.0,6510.0,6686.0,6588.0,88199.0,6939.2157,-1.1765,-0.011834755266094774,-0.011834755266094774
2020-09-02,6647.0,6569.0,6706.0,6588.0,68227.0,6794.1176,0.0,0.0,0.0
2020-09-03,6588.0,6412.0,6598.0,6441.0,159880.0,6625.4902,-2.2321,-0.022573883682470763,-0.022573883682470763
2020-09-04,6284.0,6225.0,6402.0,6324.0,111625.0,6521.5686,-1.8265,-0.018433864479548923,-0.018433864479548923
2020-09-07,6324.0,6314.0,6422.0,6333.0,49223.0,6454.902,0.155,0.0015487999898503926,0.0015487999898503926
2020-09-08,6343.0,6343.0,6520.0,6471.0,59985.0,6431.3725,2.1672,0.021440500934824594,0.021440500934824594
2020-09-09,6402.0,6284.0,6608.0,6422.0,38651.0,6398.0392,-0.7576,-0.007604843660058333,-0.007604843660058333
2020-09-10,6471.0,6392.0,6510.0,6392.0,48493.0,6388.2353,-0.458,-0.004590520334377628,-0.004590520334377628
2020-09-11,6363.0,6363.0,6500.0,6451.0,54568.0,6413.7255,0.9202,0.009159919550538683,0.009159919550538683
2020-09-14,6431.0,6431.0,6471.0,6441.0,42654.0,6435.2941,-0.152,-0.0015211563719387442,-0.0015211563719387442
2020-09-15,6510.0,6363.0,6510.0,6422.0,45099.0,6425.4902,-0.3044,-0.003048642391353237,-0.003048642391353237
2020-09-16,6382.0,6363.0,6451.0,6363.0,36625.0,6413.7255,-0.916,-0.009202210764799492,-0.009202210764799492
2020-09-17,6373.0,6265.0,6422.0,6284.0,78408.0,6392.1569,-1.2327,-0.012403607677396204,-0.012403607677396204
2020-09-18,6265.0,6196.0,6304.0,6265.0,83303.0,6354.902,-0.312,-0.003124877347524931,-0.003124877347524931
2020-09-21,6225.0,6196.0,6324.0,6255.0,49354.0,6317.6471,-0.1565,-0.001566225891680636,-0.001566225891680636
2020-09-22,6225.0,6147.0,6265.0,6157.0,79826.0,6264.7059,-1.5674,-0.015798135984871606,-0.015798135984871606
2020-09-23,6265.0,6108.0,6343.0,6324.0,58794.0,6256.8627,2.707,0.026710088312067944,0.026710088312067944
2020-09-24,6294.0,6098.0,6294.0,6157.0,79468.0,6231.3725,-2.6357,-0.0267105723021851,-0.0267105723021851
2020-09-25,6235.0,6176.0,6245.0,6245.0,18457.0,6227.451,1.4331,0.014229281882593214,0.014229281882593214
2020-09-28,6186.0,6186.0,6422.0,6275.0,106654.0,6231.3725,0.471,0.004698942656465197,0.004698942656465197
2020-09-29,6255.0,6235.0,6500.0,6275.0,47118.0,6254.902,0.0,0.0,0.0
2020-09-30,6255.0,6235.0,6500.0,6275.0,47118.0,6254.902,0.0,0.0,0.0
2020-10-01,6255.0,6235.0,6500.0,6275.0,47118.0,6254.902,0.0,0.0,0.0
2020-10-02,6255.0,6235.0,6500.0,6275.0,47118.0,6254.902,0.0,0.0,0.0
2020-10-05,6275.0,6235.0,6304.0,6294.0,39169.0,6249.0196,0.3125,0.0031201273362436777,0.0031201273362436777
2020-10-06,6304.0,6304.0,6539.0,6461.0,103495.0,6309.8039,2.648,0.026135473604625883,0.026135473604625883
2020-10-07,6461.0,6392.0,6539.0,6441.0,30476.0,6349.0196,-0.3035,-0.0030396149524526007,-0.0030396149524526007
2020-10-08,6451.0,6451.0,6598.0,6569.0,71559.0,6407.8431,1.9787,0.019593781960098845,0.019593781960098845
2020-10-09,6451.0,6451.0,6598.0,6569.0,71559.0,6407.8431,0.0,0.0,0.0
2020-10-12,6588.0,6588.0,6745.0,6735.0,90547.0,6500.0,2.5373,0.02505644883296229,0.02505644883296229
2020-10-13,6735.0,6676.0,6824.0,6755.0,83078.0,6592.1569,0.2911,0.0029067712441179887,0.0029067712441179887
2020-10-14,6755.0,6627.0,6784.0,6657.0,113533.0,6631.3725,-1.4514,-0.014620358477076899,-0.014620358477076899
2020-10-15,6735.0,6402.0,6735.0,6500.0,48291.0,6643.1373,-2.3564,-0.02384607100782831,-0.02384607100782831
2020-10-16,6500.0,6324.0,6745.0,6431.0,80798.0,6615.6863,-1.0558,-0.010614131119824661,-0.010614131119824661
2020-10-19,6431.0,6343.0,6490.0,6363.0,40283.0,6541.1765,-1.0671,-0.010728343426476482,-0.010728343426476482
2020-10-20,6353.0,6314.0,6402.0,6373.0,29086.0,6464.7059,0.1541,0.0015398138778864466,0.0015398138778864466
2020-10-21,6412.0,6343.0,6569.0,6382.0,114841.0,6409.8039,0.1538,0.0015368184892872176,0.0015368184892872176
2020-10-22,6382.0,6373.0,6735.0,6588.0,83736.0,6427.451,3.2258,0.03174863581457825,0.02934227394661604
2020-10-23,6843.0,6588.0,6843.0,6657.0,74850.0,6472.549,1.0417,0.010363116932399283,0.010363116932399283
2020-10-26,6794.0,6520.0,6794.0,6520.0,47621.0,6503.9216,-2.0619,-0.020834539534523428,-0.020834539534523428
2020-10-27,6441.0,6382.0,6588.0,6520.0,53994.0,6533.3333,0.0,0.0,0.0
2020-10-28,6490.0,6480.0,6745.0,6676.0,31710.0,6592.1569,2.406,0.023775118650769297,0.023775118650769297
2020-10-29,6588.0,6569.0,6755.0,6725.0,64696.0,6619.6078,0.7342,0.007315178719219757,0.007315178719219757
2020-10-30,6725.0,6667.0,6755.0,6667.0,50303.0,6621.5686,-0.8746,-0.00878447073226784,-0.00878447073226784
2020-11-02,7059.0,6667.0,7127.0,6775.0,88585.0,6672.549,1.6176,0.016046562500449328,0.016046562500449328
2020-11-03,6941.0,6775.0,7010.0,7000.0,189444.0,6768.6275,3.3285,0.03274304753549579,0.02934227394661604
2020-11-04,7059.0,6961.0,7108.0,6990.0,105985.0,6831.3725,-0.1401,-0.0014019823180922803,-0.0014019823180922803
2020-11-05,7059.0,7020.0,7382.0,7382.0,343511.0,6962.7451,5.6101,0.05458382464987368,0.02934227394661604
2020-11-06,7343.0,7333.0,7549.0,7451.0,147207.0,7119.6078,0.9296,0.009253058112051245,0.009253058112051245
2020-11-09,7451.0,7157.0,7520.0,7353.0,77826.0,7235.2941,-1.3158,-0.013245333416692998,-0.013245333416692998
2020-11-10,7333.0,7088.0,7333.0,7118.0,93401.0,7258.8235,-3.2,-0.03252319170556006,-0.029558582241568588
2020-11-11,7118.0,7118.0,7441.0,7314.0,72110.0,7323.5294,2.7548,0.027175381625592705,0.027175381625592705
2020-11-12,7294.0,7176.0,7294.0,7245.0,42918.0,7296.0784,-0.9383,-0.009427297658879548,-0.009427297658879548
2020-11-13,7245.0,7245.0,7451.0,7333.0,128195.0,7272.549,1.2179,0.012105432694654044,0.012105432694654044
2020-11-16,7392.0,7333.0,7431.0,7392.0,29705.0,7280.3922,0.8021,0.007989002765499388,0.007989002765499388
2020-11-17,7431.0,7353.0,7598.0,7598.0,111167.0,7376.4706,2.7851,0.02747021489367843,0.02747021489367843
2020-11-18,7598.0,7598.0,8657.0,8078.0,1545698.0,7529.4118,6.3226,0.06130768259494309,0.02934227394661604
2020-11-19,8010.0,7833.0,8157.0,8039.0,323980.0,7688.2353,-0.4854,-0.004865818919534331,-0.004865818919534331
2020-11-20,8010.0,7902.0,8235.0,8029.0,194985.0,7827.451,-0.122,-0.0012207448058370403,-0.0012207448058370403
2020-11-23,8343.0,8078.0,8343.0,8098.0,184213.0,7968.6275,0.8547,0.008510681193332415,0.008510681193332415
2020-11-24,8010.0,7971.0,8157.0,8049.0,119790.0,8058.8235,-0.6053,-0.006071393666637534,-0.006071393666637534
2020-11-25,8049.0,7657.0,8137.0,7686.0,221653.0,7980.3922,-4.5067,-0.046114098030591806,-0.029558582241568588
2020-11-26,7755.0,7716.0,7912.0,7843.0,126523.0,7941.1765,2.0408,0.02020254731750663,0.02020254731750663
2020-11-27,7863.0,7745.0,8059.0,7990.0,218808.0,7933.3333,1.875,0.018576385572935457,0.018576385572935457
2020-11-30,8039.0,7961.0,8363.0,8314.0,281961.0,7976.4706,4.0491,0.039692717126493186,0.02934227394661604
2020-12-01,8314.0,8294.0,8775.0,8706.0,379571.0,8107.8431,4.717,0.046091287380430876,0.02934227394661604
2020-12-02,8706.0,8667.0,9137.0,8980.0,444070.0,8366.6667,3.1532,0.03104507583032859,0.02934227394661604
2020-12-03,9020.0,8529.0,9118.0,8706.0,242724.0,8539.2157,-3.0568,-0.03104494600633716,-0.029558582241568588
2020-12-04,8706.0,8569.0,8961.0,8863.0,167009.0,8713.7255,1.8018,0.01785759970089132,0.01785759970089132
2020-12-07,9225.0,8843.0,9225.0,8873.0,439369.0,8825.4902,0.1106,0.001105388832592644,0.001105388832592644
2020-12-08,9078.0,9020.0,9216.0,9078.0,316223.0,8900.0,2.3204,0.022938880578998438,0.022938880578998438
2020-12-09,9078.0,8725.0,9176.0,8794.0,166335.0,8862.7451,-3.1317,-0.03181786199665524,-0.029558582241568588
2020-12-10,8765.0,8657.0,8863.0,8784.0,65422.0,8878.4314,-0.1115,-0.0011156220749520159,-0.0011156220749520159
2020-12-11,8814.0,8216.0,8814.0,8549.0,160784.0,8815.6863,-2.6786,-0.027151282643975563,-0.027151282643975563
2020-12-14,8559.0,8333.0,8588.0,8382.0,176585.0,8717.6471,-1.9495,-0.019687533919676516,-0.019687533919676516
2020-12-15,8402.0,8343.0,8529.0,8500.0,93414.0,8601.9608,1.4035,0.0139374213385876,0.0139374213385876
2020-12-16,8529.0,8353.0,8618.0,8578.0,179287.0,8558.8235,0.9227,0.009184691291334562,0.009184691291334562
2020-12-17,8627.0,8382.0,8627.0,8539.0,81391.0,8509.8039,-0.4571,-0.004581478965594663,-0.004581478965594663
2020-12-18,8539.0,8441.0,8676.0,8667.0,91484.0,8533.3333,1.4925,0.01481471813801431,0.01481471813801431
2020-12-21,8667.0,8578.0,8745.0,8657.0,90994.0,8588.2353,-0.1131,-0.0011316400631531237,-0.0011316400631531237
2020-12-22,8686.0,8294.0,8745.0,8304.0,128890.0,8549.0196,-4.077,-0.04162439969453225,-0.029558582241568588
2020-12-23,8167.0,8118.0,8382.0,8147.0,81454.0,8462.7451,-1.889,-0.019070695223823236,-0.019070695223823236
2020-12-24,8147.0,8039.0,8294.0,8176.0,128873.0,8390.1961,0.361,0.003603499589623571,0.003603499589623571
2020-12-28,8206.0,8127.0,8255.0,8157.0,126033.0,8288.2353,-0.2398,-0.002400879806772286,-0.002400879806772286
2020-12-29,7980.0,7814.0,8069.0,7941.0,162622.0,8145.098,-2.6442,-0.026797877105391336,-0.026797877105391336
2020-12-30,7873.0,7843.0,8157.0,8157.0,101169.0,8115.6863,2.716,0.026797712385377877,0.026797712385377877
2020-12-31,7873.0,7843.0,8157.0,8157.0,101169.0,8115.6863,0.0,0.0,0.0
2021-01-04,8147.0,7843.0,8147.0,7912.0,132508.0,8068.6275,-3.0048,-0.03050869324519103,-0.029558582241568588
2021-01-05,7873.0,7735.0,7931.0,7873.0,137475.0,8007.8431,-0.4957,-0.004969326676930161,-0.004969326676930161
2021-01-06,7873.0,7833.0,7971.0,7912.0,70057.0,7958.8235,0.4981,0.00496863585969146,0.00496863585969146
2021-01-07,8088.0,7990.0,8245.0,8108.0,178145.0,7992.1569,2.4783,0.02448088286014087,0.02448088286014087
2021-01-08,8431.0,8108.0,8431.0,8108.0,174228.0,7982.3529,0.0,0.0,0.0
2021-01-11,8167.0,7882.0,8186.0,7990.0,162245.0,7998.0392,-1.451,-0.014616299574279493,-0.014616299574279493
2021-01-12,8039.0,7990.0,8235.0,8108.0,88616.0,8045.098,1.4724,0.014616654334216501,0.014616654334216501
2021-01-13,8206.0,7941.0,8206.0,8010.0,65081.0,8064.7059,-1.2092,-0.012165702978871186,-0.012165702978871186
2021-01-14,7961.0,7892.0,8029.0,7971.0,80772.0,8037.2549,-0.4896,-0.004908024672586682,-0.004908024672586682
2021-01-15,8039.0,7784.0,8039.0,7833.0,133229.0,7982.3529,-1.722,-0.01736998856252751,-0.01736998856252751
2021-01-18,7794.0,7578.0,7922.0,7657.0,91727.0,7915.6863,-2.2528,-0.022785632034156542,-0.022785632034156542
2021-01-19,7627.0,7363.0,7627.0,7480.0,221929.0,7790.1961,-2.3047,-0.023316734544817804,-0.023316734544817804
2021-01-20,7392.0,7108.0,7422.0,7333.0,430826.0,7654.902,-1.9659,-0.019854808657603255,-0.019854808657603255
2021-01-21,7373.0,7284.0,7618.0,7608.0,160945.0,7582.3529,3.7433,0.0367493927241943,0.02934227394661604
2021-01-22,7647.0,7578.0,7765.0,7765.0,77732.0,7568.6275,2.0619,0.020409305974547064,0.020409305974547064
2021-01-25,7765.0,7618.0,7833.0,7755.0,83624.0,7588.2353,-0.1263,-0.0012637982567029475,-0.0012637982567029475
2021-01-26,7804.0,7559.0,7804.0,7588.0,71568.0,7609.8039,-2.1492,-0.021726316400173626,-0.021726316400173626
2021-01-27,7588.0,7451.0,7588.0,7578.0,33381.0,7658.8235,-0.1292,-0.001292835351593654,-0.001292835351593654
2021-01-28,7500.0,7392.0,7559.0,7480.0,72784.0,7633.3333,-1.2937,-0.01302141179845559,-0.01302141179845559
2021-01-29,7451.0,7157.0,7539.0,7333.0,81336.0,7547.0588,-1.9659,-0.019854808657603255,-0.019854808657603255
2021-02-01,7255.0,7127.0,7451.0,7422.0,54864.0,7480.3922,1.2032,0.01196019091871437,0.01196019091871437
2021-02-02,7422.0,7314.0,7520.0,7343.0,45201.0,7431.3725,-1.0568,-0.010624237877506201,-0.010624237877506201
2021-02-03,7353.0,7216.0,7422.0,7235.0,55518.0,7362.7451,-1.4686,-0.014794906884258394,-0.014794906884258394
2021-02-04,7235.0,7137.0,7294.0,7206.0,66657.0,7307.8431,-0.4065,-0.004073284571310108,-0.004073284571310108
2021-02-05,7275.0,7118.0,7275.0,7255.0,50417.0,7292.1569,0.6803,0.00677996401236731,0.00677996401236731
2021-02-08,7255.0,7147.0,7255.0,7196.0,26354.0,7247.0588,-0.8108,-0.008141048591880187,-0.008141048591880187
2021-02-09,7196.0,7127.0,7245.0,7235.0,36039.0,7225.4902,0.545,0.005435202489939288,0.005435202489939288
2021-02-10,7225.0,7118.0,7225.0,7186.0,41404.0,7215.6863,-0.6775,-0.0067980545009992946,-0.0067980545009992946
2021-02-11,7225.0,7118.0,7225.0,7186.0,41404.0,7215.6863,0.0,0.0,0.0
2021-02-12,7225.0,7118.0,7225.0,7186.0,41404.0,7215.6863,0.0,0.0,0.0
2021-02-15,7196.0,7147.0,7539.0,7333.0,229300.0,7241.1765,2.0464,0.0202574258204349,0.0202574258204349
2021-02-16,7353.0,7343.0,7765.0,7716.0,160102.0,7333.3333,5.2139,0.05082523486478044,0.02934227394661604
2021-02-17,7716.0,7588.0,8098.0,7941.0,206630.0,7482.3529,2.9225,0.028806091841669584,0.028806091841669584
2021-02-18,7951.0,7863.0,8039.0,8020.0,93999.0,7639.2157,0.9877,0.009828541258898609,0.009828541258898609
2021-02-19,7990.0,7745.0,7990.0,7775.0,71934.0,7756.8627,-3.0562,-0.03103875683429357,-0.029558582241568588
2021-02-22,7775.0,7451.0,7775.0,7539.0,87065.0,7798.0392,-3.0265,-0.03073244068578874,-0.029558582241568588
2021-02-23,7598.0,7382.0,7598.0,7441.0,88362.0,7743.1373,-1.3004,-0.013089292241771383,-0.013089292241771383
2021-02-24,7441.0,7206.0,7529.0,7216.0,80975.0,7598.0392,-3.0303,-0.030771627416754144,-0.029558582241568588
2021-02-25,7304.0,7235.0,7422.0,7294.0,48752.0,7452.9412,1.087,0.010811346211649949,0.010811346211649949
2021-02-26,7225.0,6990.0,7245.0,7147.0,110369.0,7327.451,-2.0161,-0.0203670065281813,-0.0203670065281813
2021-03-01,7225.0,6990.0,7245.0,7147.0,110369.0,7327.451,0.0,0.0,0.0
2021-03-02,7127.0,7059.0,7314.0,7088.0,59190.0,7237.2549,-0.823,-0.008264053418462316,-0.008264053418462316
2021-03-03,7176.0,7088.0,7578.0,7480.0,88613.0,7245.098,5.5325,0.05384877636029211,0.02934227394661604
2021-03-04,7441.0,7333.0,7451.0,7431.0,43109.0,7288.2353,-0.6553,-0.006574565167154581,-0.006574565167154581
2021-03-05,7431.0,7255.0,7431.0,7402.0,35828.0,7309.8039,-0.3958,-0.003965853611913609,-0.003965853611913609
2021-03-08,7373.0,7333.0,7461.0,7333.0,39517.0,7347.0588,-0.9272,-0.009315252558085683,-0.009315252558085683
2021-03-09,7382.0,6912.0,7382.0,7324.0,60056.0,7394.1176,-0.1337,-0.0013378945819596565,-0.0013378945819596565
2021-03-10,7265.0,7127.0,7343.0,7196.0,50061.0,7337.2549,-1.7403,-0.017556212376613856,-0.017556212376613856
2021-03-11,7206.0,7206.0,7412.0,7216.0,51067.0,7294.1176,0.2725,0.002721293918687803,0.002721293918687803
2021-03-12,7216.0,7216.0,7363.0,7314.0,15509.0,7276.4706,1.3587,0.013495524370326068,0.013495524370326068
2021-03-15,7304.0,7235.0,7363.0,7235.0,22964.0,7256.8627,-1.0724,-0.010781916524707454,-0.010781916524707454
2021-03-16,7245.0,7206.0,7304.0,7245.0,22950.0,7241.1765,0.1355,0.0013540828159294524,0.0013540828159294524
2021-03-17,7255.0,7157.0,7304.0,7235.0,29087.0,7249.0196,-0.1353,-0.0013539161309433978,-0.0013539161309433978
2021-03-18,7245.0,7186.0,7275.0,7196.0,32474.0,7245.098,-0.542,-0.0054347414900455734,-0.0054347414900455734
2021-03-19,7147.0,7147.0,7363.0,7255.0,76811.0,7233.3333,0.8174,0.008140773799842332,0.008140773799842332
2021-03-22,7304.0,7294.0,7510.0,7422.0,129856.0,7270.5882,2.2973,0.02271309365931216,0.02271309365931216
2021-03-23,7451.0,7382.0,7569.0,7480.0,89935.0,7317.6471,0.7926,0.007894754255920238,0.007894754255920238
2021-03-24,7471.0,7422.0,7627.0,7588.0,84159.0,7388.2353,1.4417,0.014314063235478167,0.014314063235478167
2021-03-25,7647.0,7529.0,7843.0,7696.0,154354.0,7488.2353,1.4212,0.014111956294585754,0.014111956294585754
2021-03-26,7735.0,7598.0,7765.0,7735.0,66352.0,7584.3137,0.5096,0.005083059337125966,0.005083059337125966
2021-03-29,7735.0,7500.0,7745.0,7608.0,68238.0,7621.5686,-1.6477,-0.016614255559666138,-0.016614255559666138
2021-03-30,7598.0,7549.0,7755.0,7735.0,81012.0,7672.549,1.6753,0.016614216378665423,0.016614216378665423
2021-03-31,7784.0,7676.0,8039.0,8029.0,399329.0,7760.7843,3.8023,0.037317942494358484,0.02934227394661604
2021-04-01,8059.0,7863.0,8059.0,7873.0,69426.0,7796.0784,-1.9536,-0.01972934998102775,-0.01972934998102775
2021-04-02,7843.0,7745.0,7892.0,7863.0,66755.0,7821.5686,-0.1245,-0.0012457756563616698,-0.0012457756563616698
2021-04-05,7882.0,7824.0,7931.0,7892.0,118038.0,7878.4314,0.3741,0.003734019862546517,0.003734019862546517
2021-04-06,7892.0,7794.0,7912.0,7843.0,75070.0,7900.0,-0.6211,-0.0062303685006524665,-0.0062303685006524665
2021-04-07,7912.0,7843.0,7971.0,7941.0,83425.0,7882.3529,1.25,0.01242251999855711,0.01242251999855711
2021-04-08,7951.0,7902.0,8010.0,7971.0,79592.0,7901.9608,0.3704,0.003697157084234529,0.003697157084234529
2021-04-09,8088.0,7941.0,8088.0,7951.0,105902.0,7919.6078,-0.246,-0.0024630307714855384,-0.0024630307714855384
2021-04-12,7951.0,7951.0,8167.0,8108.0,199206.0,7962.7451,1.9729,0.01953690572081901,0.01953690572081901
2021-04-13,8225.0,7882.0,8265.0,8039.0,236786.0,8001.9608,-0.8464,-0.008500023058130485,-0.008500023058130485
2021-04-14,8039.0,7971.0,8990.0,8353.0,1858127.0,8084.3137,3.9024,0.03828181098409189,0.02934227394661604
2021-04-15,8382.0,7980.0,8500.0,8098.0,383385.0,8109.8039,-3.0516,-0.030991307787855783,-0.029558582241568588
2021-04-16,8137.0,7990.0,8157.0,7990.0,131317.0,8117.6471,-1.3317,-0.013406466415103497,-0.013406466415103497
2021-04-19,7980.0,7941.0,8118.0,8039.0,131368.0,8103.9216,0.6135,0.006116257505240504,0.006116257505240504
2021-04-20,8088.0,7961.0,8353.0,8206.0,241295.0,8137.2549,2.0732,0.020520016969486642,0.020520016969486642
2021-04-21,8206.0,8137.0,8324.0,8216.0,129717.0,8109.8039,0.1195,0.0011942865558206884,0.0011942865558206884
2021-04-22,8225.0,8118.0,8373.0,8206.0,168512.0,8131.3725,-0.1193,-0.0011937121909855785,-0.0011937121909855785
2021-04-23,8206.0,8186.0,8382.0,8235.0,245267.0,8180.3922,0.3584,0.0035775927764293168,0.0035775927764293168
2021-04-26,8235.0,8118.0,8314.0,8137.0,120659.0,8200.0,-1.1905,-0.0119764320106002,-0.0119764320106002
2021-04-27,8186.0,7941.0,8186.0,8010.0,145469.0,8160.7843,-1.5663,-0.015786960887864045,-0.015786960887864045
2021-04-28,8029.0,7667.0,8039.0,7843.0,161118.0,8086.2745,-2.0808,-0.021027537192090086,-0.021027537192090086
2021-04-29,7843.0,7765.0,7902.0,7784.0,63532.0,8001.9608,-0.75,-0.0075282664207915245,-0.0075282664207915245
2021-04-30,7755.0,7755.0,7961.0,7775.0,58723.0,7909.8039,-0.1259,-0.0012597932063344234,-0.0012597932063344234
2021-05-03,7735.0,7735.0,7931.0,7804.0,58982.0,7843.1373,0.3783,0.0037758624507359738,0.0037758624507359738
2021-05-04,7804.0,7402.0,7853.0,7833.0,142334.0,7807.8431,0.3769,0.0037619151158720123,0.0037619151158720123
2021-05-05,7804.0,7402.0,7853.0,7833.0,142334.0,7807.8431,0.0,0.0,0.0
2021-05-06,7833.0,7794.0,7951.0,7931.0,35184.0,7825.4902,1.2516,0.012438322342835227,0.012438322342835227
2021-05-07,7873.0,7873.0,7990.0,7902.0,41579.0,7849.0196,-0.3708,-0.003714891673491542,-0.003714891673491542
2021-05-10,8078.0,7882.0,8176.0,7961.0,228971.0,7886.2745,0.7444,0.007416430167350911,0.007416430167350911
2021-05-11,7961.0,7951.0,8059.0,8049.0,65154.0,7935.2941,1.1084,0.01102302264029196,0.01102302264029196
2021-05-12,8049.0,8010.0,8353.0,8176.0,454432.0,8003.9216,1.5834,0.01570994998060017,0.01570994998060017
2021-05-13,8137.0,8078.0,8363.0,8284.0,286882.0,8074.5098,1.3189,0.013102782394778741,0.013102782394778741
2021-05-14,8186.0,7863.0,8284.0,8049.0,275321.0,8103.9216,-2.8402,-0.028813140316510007,-0.028813140316510007
2021-05-17,8088.0,7843.0,8088.0,8020.0,137216.0,8115.6863,-0.3654,-0.003660692165087891,-0.003660692165087891
2021-05-18,8000.0,7922.0,8088.0,8000.0,165905.0,8105.8824,-0.2445,-0.002447993893542112,-0.002447993893542112
2021-05-19,8000.0,7922.0,8088.0,8000.0,165905.0,8105.8824,0.0,0.0,0.0
2021-05-20,7931.0,7912.0,8088.0,8088.0,66401.0,8088.2353,1.1029,0.010968624097763722,0.010968624097763722
2021-05-21,8078.0,7794.0,8078.0,7814.0,109298.0,7994.1176,-3.3939,-0.034528299765377135,-0.029558582241568588
2021-05-24,7824.0,7775.0,7863.0,7804.0,42670.0,7945.098,-0.1255,-0.0012557881720062637,-0.0012557881720062637
2021-05-25,7755.0,7755.0,7922.0,7892.0,64085.0,7919.6078,1.1307,0.011243553685874782,0.011243553685874782
2021-05-26,7892.0,7843.0,7951.0,7922.0,63494.0,7903.9216,0.3727,0.003720071944073908,0.003720071944073908
2021-05-27,7882.0,7804.0,7941.0,7853.0,34353.0,7856.8627,-0.8663,-0.00870074191472701,-0.00870074191472701
2021-05-28,7853.0,7853.0,7931.0,7873.0,28696.0,7868.6275,0.2497,0.0024938876754063356,0.0024938876754063356
2021-05-31,7873.0,7843.0,7922.0,7892.0,29997.0,7886.2745,0.2491,0.002487902602178996,0.002487902602178996
2021-06-01,7912.0,7873.0,7922.0,7882.0,36878.0,7884.3137,-0.1242,-0.0012427719212169288,-0.0012427719212169288
2021-06-02,7912.0,7804.0,8480.0,8137.0,154674.0,7927.451,3.2338,0.03182613281645186,0.02934227394661604
2021-06-03,8186.0,8039.0,8186.0,8186.0,144541.0,7994.1176,0.6024,0.0060059282518240805,0.0060059282518240805
2021-06-04,8147.0,8069.0,8186.0,8127.0,79691.0,8045.098,-0.7186,-0.00721194366014191,-0.00721194366014191
2021-06-07,8127.0,8049.0,8255.0,8216.0,110434.0,8109.8039,1.0856,0.010797496659336547,0.010797496659336547
2021-06-08,8225.0,8020.0,8225.0,8127.0,53348.0,8158.8235,-1.074,-0.010798090099512627,-0.010798090099512627
2021-06-09,8127.0,8039.0,8127.0,8049.0,43101.0,8141.1765,-0.965,-0.009696862978864003,-0.009696862978864003
2021-06-10,8039.0,7961.0,8127.0,8029.0,29078.0,8109.8039,-0.2436,-0.0024389718753065103,-0.0024389718753065103
2021-06-11,8206.0,8049.0,8245.0,8059.0,87918.0,8096.0784,0.3663,0.003656307553475421,0.003656307553475421
2021-06-14,8059.0,8020.0,8137.0,8098.0,57301.0,8072.549,0.4866,0.004854199288026686,0.004854199288026686
2021-06-15,8098.0,8049.0,8333.0,8098.0,130884.0,8066.6667,0.0,0.0,0.0
2021-06-16,8167.0,7971.0,8196.0,8157.0,70251.0,8088.2353,0.7264,0.00723774422330443,0.00723774422330443
2021-06-17,8157.0,8108.0,8412.0,8245.0,285041.0,8131.3725,1.0817,0.010758914752168832,0.010758914752168832
2021-06-18,8392.0,8235.0,8392.0,8324.0,143542.0,8184.3137,0.9512,0.00946704577291273,0.00946704577291273
2021-06-21,8235.0,8196.0,8480.0,8373.0,169369.0,8239.2157,0.5889,0.0058717276176986416,0.0058717276176986416
2021-06-22,8392.0,8373.0,9608.0,8833.0,3908843.0,8386.2745,5.5035,0.05357394173319007,0.02934227394661604
2021-06-23,8833.0,8431.0,8931.0,8431.0,587424.0,8441.1765,-4.5505,-0.04657287417473802,-0.029558582241568588
2021-06-24,8431.0,8373.0,8971.0,8500.0,496442.0,8492.1569,0.814,0.008107048893897038,0.008107048893897038
2021-06-25,8500.0,8392.0,8667.0,8500.0,169652.0,8527.451,0.0,0.0,0.0
2021-06-28,8520.0,8294.0,8578.0,8402.0,242762.0,8533.3333,-1.1534,-0.011601032511817279,-0.011601032511817279
2021-06-29,8559.0,8422.0,8667.0,8510.0,285577.0,8468.6275,1.2835,0.012753329472599707,0.012753329472599707
2021-06-30,8549.0,8392.0,8608.0,8529.0,163351.0,8488.2353,0.2304,0.0023013498618317117,0.0023013498618317117
2021-07-01,8618.0,8431.0,8618.0,8480.0,84016.0,8484.3137,-0.5747,-0.005763577549128055,-0.005763577549128055
2021-07-02,8480.0,8402.0,8529.0,8402.0,97488.0,8464.7059,-0.9249,-0.009292037575740649,-0.009292037575740649
2021-07-05,8402.0,8353.0,8480.0,8402.0,110586.0,8464.7059,0.0,0.0,0.0
2021-07-06,8392.0,8392.0,8569.0,8569.0,138913.0,8476.4706,1.9837,0.01964281060460403,0.01964281060460403
2021-07-07,8627.0,8529.0,8716.0,8637.0,204548.0,8498.0392,0.8009,0.007977098180745922,0.007977098180745922
2021-07-08,8598.0,8412.0,8706.0,8539.0,168596.0,8509.8039,-1.1351,-0.011415914296111423,-0.011415914296111423
2021-07-09,8480.0,8422.0,8912.0,8657.0,840962.0,8560.7843,1.3777,0.01368295987826265,0.01368295987826265
2021-07-12,8794.0,8637.0,8873.0,8873.0,437556.0,8654.902,2.4915,0.024609682322483617,0.024609682322483617
2021-07-13,8912.0,8725.0,8912.0,8804.0,298807.0,8701.9608,-0.7735,-0.007765070275251123,-0.007765070275251123
2021-07-14,8892.0,8804.0,9118.0,8853.0,478021.0,8745.098,0.5568,0.005552555989644895,0.005552555989644895
2021-07-15,8902.0,8892.0,9206.0,9078.0,681069.0,8852.9412,2.5471,0.02515201924209582,0.02515201924209582
2021-07-16,8990.0,8784.0,9108.0,8980.0,233905.0,8917.6471,-1.0799,-0.010857732417473428,-0.010857732417473428
2021-07-19,8961.0,8618.0,8961.0,8627.0,246387.0,8868.6275,-3.9301,-0.04009413447465749,-0.029558582241568588
2021-07-20,8569.0,8363.0,8588.0,8412.0,245254.0,8790.1961,-2.5,-0.025317807984289897,-0.025317807984289897
2021-07-21,8461.0,8265.0,8559.0,8353.0,154143.0,8690.1961,-0.6993,-0.007017565616393081,-0.007017565616393081
2021-07-22,8422.0,8343.0,8627.0,8441.0,84198.0,8562.7451,1.0563,0.010507601291724155,0.010507601291724155
2021-07-23,8471.0,8431.0,8569.0,8559.0,51260.0,8478.4314,1.3937,0.013840773061317289,0.013840773061317289
2021-07-26,8529.0,8314.0,8559.0,8382.0,116515.0,8429.4118,-2.0619,-0.020834539534523428,-0.020834539534523428
2021-07-27,8343.0,8324.0,8480.0,8392.0,54898.0,8425.4902,0.117,0.0011693160834028598,0.0011693160834028598
2021-07-28,8382.0,8275.0,8461.0,8422.0,84097.0,8439.2157,0.3505,0.003498871802879328,0.003498871802879328
2021-07-29,8422.0,8333.0,8441.0,8431.0,53676.0,8437.2549,0.1164,0.001163323077241082,0.001163323077241082
2021-07-30,8490.0,8461.0,8686.0,8627.0,183100.0,8450.9804,2.3256,0.022989700042863975,0.022989700042863975
2021-08-02,8627.0,8480.0,8706.0,8578.0,77014.0,8490.1961,-0.5682,-0.005698203971797267,-0.005698203971797267
2021-08-03,8578.0,8480.0,8647.0,8549.0,94337.0,8521.5686,-0.3429,-0.003434892494598845,-0.003434892494598845
2021-08-04,8539.0,8471.0,8735.0,8578.0,135370.0,8552.9412,0.344,0.0034340967342823218,0.0034340967342823218
2021-08-05,8520.0,8441.0,8588.0,8549.0,76938.0,8576.4706,-0.3429,-0.003434892494598845,-0.003434892494598845
2021-08-06,8500.0,8392.0,8529.0,8402.0,72083.0,8531.3725,-1.7202,-0.017351673339218675,-0.017351673339218675
2021-08-09,8402.0,8245.0,8461.0,8284.0,96240.0,8472.549,-1.4002,-0.014100952779124718,-0.014100952779124718
2021-08-10,8275.0,8049.0,8284.0,8127.0,153969.0,8388.2353,-1.8935,-0.019116562692329322,-0.019116562692329322
2021-08-11,8049.0,8049.0,8559.0,8490.0,273072.0,8370.5882,4.4632,0.04366467028625913,0.02934227394661604
2021-08-12,8490.0,8186.0,8598.0,8265.0,121328.0,8313.7255,-2.6559,-0.026918062067110234,-0.026918062067110234
2021-08-13,8265.0,8059.0,8451.0,8373.0,143719.0,8307.8431,1.3049,0.012964595271427397,0.012964595271427397
2021-08-16,8265.0,8059.0,8451.0,8373.0,143719.0,8307.8431,0.0,0.0,0.0
2021-08-17,8294.0,8147.0,8373.0,8235.0,86549.0,8298.0392,-1.6393,-0.016528851951311804,-0.016528851951311804
2021-08-18,8186.0,8186.0,8412.0,8343.0,61590.0,8341.1765,1.3095,0.013010001718360975,0.013010001718360975
2021-08-19,8255.0,8078.0,8363.0,8098.0,226188.0,8262.7451,-2.9377,-0.029817145609318717,-0.029558582241568588
2021-08-20,8069.0,7794.0,8176.0,7902.0,147164.0,8190.1961,-2.4213,-0.02451095409127585,-0.02451095409127585
2021-08-23,7882.0,7833.0,8196.0,8137.0,62978.0,8143.1373,2.9777,0.02934227394661604,0.02934227394661604
2021-08-24,8186.0,8137.0,8294.0,8275.0,59132.0,8150.9804,1.6867,0.016726331719898655,0.016726331719898655
2021-08-25,8304.0,8108.0,8314.0,8294.0,21464.0,8141.1765,0.237,0.002367195979478517,0.002367195979478517
2021-08-26,8284.0,8127.0,8294.0,8157.0,53275.0,8152.9412,-1.6548,-0.016686447631279532,-0.016686447631279532
2021-08-27,8157.0,8157.0,8461.0,8431.0,107900.0,8258.8235,3.3654,0.03310009726354312,0.02934227394661604
2021-08-30,8353.0,8255.0,8480.0,8265.0,87473.0,8284.3137,-1.9767,-0.019964980474743783,-0.019964980474743783
2021-08-31,8255.0,8235.0,8382.0,8343.0,39348.0,8298.0392,0.949,0.009445252827684507,0.009445252827684507
2021-09-01,8284.0,8245.0,8441.0,8333.0,40040.0,8305.8824,-0.1175,-0.0011756908537218086,-0.0011756908537218086
2021-09-02,8333.0,8275.0,8392.0,8324.0,30186.0,8339.2157,-0.1176,-0.0011766920306051528,-0.0011766920306051528
2021-09-03,8392.0,8245.0,8392.0,8324.0,34587.0,8317.6471,0.0,0.0,0.0
2021-09-06,8265.0,8235.0,8333.0,8314.0,42770.0,8327.451,-0.1178,-0.0011786943873791339,-0.0011786943873791339
2021-09-07,8314.0,8137.0,8314.0,8284.0,45308.0,8315.6863,-0.3538,-0.003544273523521799,-0.003544273523521799
2021-09-08,8284.0,8137.0,8353.0,8206.0,38191.0,8290.1961,-0.9467,-0.009512096891699181,-0.009512096891699181
2021-09-09,8127.0,8078.0,8235.0,8186.0,64227.0,8262.7451,-0.2389,-0.0023918582135889037,-0.0023918582135889037
2021-09-10,8186.0,8010.0,8206.0,8137.0,48848.0,8225.4902,-0.5988,-0.0060059999638266155,-0.0060059999638266155
2021-09-13,8118.0,8039.0,8235.0,8186.0,69763.0,8200.0,0.6024,0.0060059282518240805,0.0060059282518240805
2021-09-14,8147.0,8147.0,8265.0,8186.0,32290.0,8180.3922,0.0,0.0,0.0
2021-09-15,8255.0,8167.0,8265.0,8216.0,25621.0,8182.3529,0.3593,0.0035865605954108876,0.0035865605954108876
2021-09-16,8275.0,8186.0,8637.0,8569.0,288127.0,8258.8235,4.2959,0.04206186556238452,0.02934227394661604
2021-09-17,8569.0,8471.0,8608.0,8549.0,72549.0,8341.1765,-0.2288,-0.002290621471380971,-0.002290621471380971
2021-09-20,8569.0,8471.0,8608.0,8549.0,72549.0,8341.1765,0.0,0.0,0.0
2021-09-21,8569.0,8471.0,8608.0,8549.0,72549.0,8341.1765,0.0,0.0,0.0
2021-09-22,8569.0,8471.0,8608.0,8549.0,72549.0,8341.1765,0.0,0.0,0.0
2021-09-23,8471.0,8304.0,8471.0,8382.0,93577.0,8380.3922,-1.9495,-0.019687533919676516,-0.019687533919676516
2021-09-24,8382.0,8216.0,8412.0,8235.0,70745.0,8390.1961,-1.7544,-0.017699719956553985,-0.017699719956553985
2021-09-27,8314.0,8206.0,8333.0,8324.0,35630.0,8411.7647,1.0714,0.010657011788435585,0.010657011788435585
2021-09-28,8353.0,8186.0,8363.0,8206.0,36247.0,8339.2157,-1.4134,-0.014234836252018582,-0.014234836252018582
2021-09-29,8157.0,8039.0,8196.0,8098.0,83541.0,8249.0196,-1.3142,-0.01322912021306492,-0.01322912021306492
2021-09-30,8098.0,8059.0,8167.0,8137.0,35306.0,8200.0,0.4843,0.0048313104021221985,0.0048313104021221985
2021-10-01,8098.0,7922.0,8127.0,7990.0,104183.0,8150.9804,-1.8072,-0.018237293071296626,-0.018237293071296626
2021-10-04,8098.0,7922.0,8127.0,7990.0,104183.0,8150.9804,0.0,0.0,0.0
2021-10-05,8010.0,7804.0,8010.0,7873.0,123574.0,8060.7843,-1.4724,-0.014833474013904533,-0.014833474013904533
2021-10-06,7873.0,7784.0,7980.0,7951.0,49879.0,8009.8039,0.9963,0.009913696518772656,0.009913696518772656
2021-10-07,7951.0,7794.0,8206.0,8206.0,74454.0,8031.3725,3.2059,0.03155583596783352,0.02934227394661604
2021-10-08,8176.0,8118.0,8284.0,8255.0,30024.0,8054.902,0.5974,0.005956226413143925,0.005956226413143925
2021-10-11,8176.0,8118.0,8284.0,8255.0,30024.0,8054.902,0.0,0.0,0.0
2021-10-12,8314.0,8176.0,8412.0,8363.0,105351.0,8129.4118,1.3064,0.01297940194805417,0.01297940194805417
2021-10-13,8363.0,8363.0,8520.0,8480.0,110413.0,8250.9804,1.4068,0.013969964064477619,0.013969964064477619
2021-10-14,8569.0,8490.0,8637.0,8598.0,161215.0,8380.3922,1.3873,0.013777650776664077,0.013777650776664077
2021-10-15,8578.0,8578.0,8863.0,8765.0,314673.0,8492.1569,1.9384,0.01919852329346752,0.01919852329346752
2021-10-18,8843.0,8725.0,8912.0,8794.0,112006.0,8600.0,0.3356,0.003350381199619852,0.003350381199619852
2021-10-19,8892.0,8794.0,9176.0,9108.0,269430.0,8749.0196,3.5674,0.035052422503055465,0.02934227394661604
2021-10-20,9020.0,9020.0,9186.0,9167.0,127240.0,8886.2745,0.6459,0.006438230046944376,0.006438230046944376
2021-10-21,9225.0,9167.0,9804.0,9804.0,614984.0,9127.451,6.9519,0.06720901469341505,0.02934227394661604
2021-10-22,9804.0,9098.0,9804.0,9343.0,409341.0,9243.1373,-4.7,-0.048140375327934984,-0.029558582241568588
2021-10-25,9363.0,9363.0,10000.0,9902.0,401872.0,9464.7059,5.9811,0.05809059033951221,0.02934227394661604
2021-10-26,9804.0,9627.0,9902.0,9804.0,203150.0,9603.9216,-0.9901,-0.009950340853168182,-0.009950340853168182
2021-10-27,9657.0,9608.0,10000.0,9804.0,214004.0,9731.3725,0.0,0.0,0.0
2021-10-28,9804.0,9441.0,9853.0,9510.0,194750.0,9672.549,-3.0,-0.030459207484708574,-0.029558582241568588
2021-10-29,9510.0,9461.0,9745.0,9549.0,75924.0,9713.7255,0.4124,0.004115519619397939,0.004115519619397939
2021-11-01,9627.0,9451.0,9775.0,9510.0,65605.0,9635.2941,-0.4107,-0.004115456887399861,-0.004115456887399861
2021-11-02,9490.0,9314.0,9598.0,9480.0,87017.0,9570.5882,-0.3093,-0.0030977932106520858,-0.0030977932106520858
2021-11-03,9431.0,9412.0,9667.0,9578.0,52012.0,9525.4902,1.0341,0.010287897633467102,0.010287897633467102
2021-11-04,9578.0,9402.0,9706.0,9500.0,82966.0,9523.5294,-0.8188,-0.008221705786747304,-0.008221705786747304
2021-11-05,9500.0,9176.0,9598.0,9363.0,141019.0,9486.2745,-1.4448,-0.014553388687529789,-0.014553388687529789
2021-11-08,9363.0,9265.0,9520.0,9490.0,56481.0,9482.3529,1.3613,0.01352117551476323,0.01352117551476323
2021-11-09,9490.0,9196.0,9549.0,9333.0,136213.0,9452.9412,-1.6529,-0.01666712811546668,-0.01666712811546668
2021-11-10,9314.0,9186.0,9314.0,9275.0,109607.0,9392.1569,-0.6303,-0.006322947769201469,-0.006322947769201469
2021-11-11,9520.0,9098.0,9520.0,9147.0,80018.0,9321.5686,-1.3742,-0.013837295321364579,-0.013837295321364579
2021-11-12,9147.0,9020.0,9245.0,9039.0,61934.0,9256.8627,-1.179,-0.01186005321266174,-0.01186005321266174
2021-11-15,9078.0,8990.0,9245.0,9186.0,102886.0,9196.0784,1.6269,0.016138077892073728,0.016138077892073728
2021-11-16,9186.0,9010.0,9304.0,9108.0,83928.0,9150.9804,-0.8538,-0.008574657525774295,-0.008574657525774295
2021-11-17,9167.0,8833.0,9167.0,8941.0,127753.0,9084.3137,-1.8299,-0.01846849764304738,-0.01846849764304738
2021-11-18,9088.0,8971.0,9265.0,8971.0,139034.0,9049.0196,0.3289,0.003283603069931028,0.003283603069931028
2021-11-19,9059.0,8892.0,9059.0,8941.0,88232.0,9029.4118,-0.3279,-0.003284387701238786,-0.003284387701238786
2021-11-22,9020.0,8814.0,9039.0,9020.0,95426.0,8996.0784,0.8772,0.008733749533969578,0.008733749533969578
2021-11-23,8971.0,8873.0,9059.0,9020.0,58659.0,8978.4314,0.0,0.0,0.0
2021-11-24,9069.0,8873.0,9304.0,9216.0,125427.0,9033.3333,2.1739,0.021506077561380923,0.021506077561380923
2021-11-25,9265.0,9196.0,9451.0,9196.0,84167.0,9078.4314,-0.2128,-0.0021302674092690444,-0.0021302674092690444
2021-11-26,9029.0,8912.0,9206.0,9069.0,86972.0,9103.9216,-1.3859,-0.013955932574919413,-0.013955932574919413
2021-11-29,8971.0,8912.0,9098.0,9029.0,57212.0,9105.8824,-0.4324,-0.004333375524272372,-0.004333375524272372
2021-11-30,9108.0,8824.0,9118.0,8853.0,142905.0,9072.549,-1.9544,-0.019737509416394874,-0.019737509416394874
2021-12-01,8892.0,8745.0,9108.0,8990.0,87350.0,9027.451,1.5504,0.015385040976876513,0.015385040976876513
2021-12-02,9020.0,8794.0,9020.0,8961.0,61691.0,8980.3922,-0.3272,-0.00327736469738967,-0.00327736469738967
2021-12-03,8912.0,8912.0,9098.0,9078.0,41512.0,8982.3529,1.3129,0.01304356168014512,0.01304356168014512
2021-12-06,8990.0,8951.0,9196.0,9108.0,58499.0,8998.0392,0.324,0.0032347625099292255,0.0032347625099292255
2021-12-07,9088.0,9088.0,9333.0,9333.0,79397.0,9094.1176,2.4758,0.024456487153979165,0.024456487153979165
2021-12-08,9431.0,9167.0,9431.0,9284.0,110762.0,9152.9412,-0.5252,-0.005265840232536171,-0.005265840232536171
2021-12-09,9245.0,9137.0,9294.0,9196.0,40740.0,9200.0,-0.9504,-0.009549451216147998,-0.009549451216147998
2021-12-10,9206.0,9108.0,9265.0,9265.0,47445.0,9237.2549,0.7463,0.007435289598580793,0.007435289598580793
2021-12-13,9216.0,9167.0,9353.0,9196.0,66818.0,9254.902,-0.7407,-0.007434568039841172,-0.007434568039841172
2021-12-14,9196.0,9010.0,9216.0,9186.0,56171.0,9225.4902,-0.1066,-0.0010665685821082786,-0.0010665685821082786
2021-12-15,9127.0,9118.0,9245.0,9167.0,35777.0,9201.9608,-0.2134,-0.0021362802225741665,-0.0021362802225741665
2021-12-16,9186.0,9167.0,9578.0,9461.0,308469.0,9254.902,3.2086,0.03158199692067505,0.02934227394661604
2021-12-17,9578.0,9324.0,9696.0,9451.0,288994.0,9292.1569,-0.1036,-0.0010365370189331523,-0.0010365370189331523
2021-12-20,9412.0,8980.0,9412.0,9000.0,180296.0,9252.9412,-4.7718,-0.04889406956741095,-0.029558582241568588
2021-12-21,9000.0,9000.0,9255.0,9108.0,110604.0,9237.2549,1.1983,0.011911772305206526,0.011911772305206526
2021-12-22,9108.0,9020.0,9216.0,9069.0,79254.0,9217.6471,-0.4306,-0.004315297517673444,-0.004315297517673444
2021-12-23,9118.0,9039.0,9157.0,9069.0,64340.0,9139.2157,0.0,0.0,0.0
2021-12-24,9088.0,9039.0,9157.0,9088.0,94598.0,9066.6667,0.2162,0.002159666241119131,0.002159666241119131
2021-12-27,9147.0,9078.0,9216.0,9206.0,100174.0,9107.8431,1.2945,0.012861929616848506,0.012861929616848506
2021-12-28,9216.0,9118.0,9275.0,9255.0,92536.0,9137.2549,0.5325,0.0053108723185765535,0.0053108723185765535
2021-12-29,9250.0,9170.0,9290.0,9200.0,87770.0,9163.5294,-0.5932,-0.0059496642026753985,-0.0059496642026753985
2021-12-30,9200.0,9120.0,9240.0,9170.0,49680.0,9183.8039,-0.3261,-0.0032663286481345723,-0.0032663286481345723
2021-12-31,9200.0,9120.0,9240.0,9170.0,49680.0,9183.8039,0.0,0.0,0.0
2022-01-03,9230.0,8910.0,9230.0,9010.0,111526.0,9168.1569,-1.7448,-0.017602010430611735,-0.017602010430611735
2022-01-04,9080.0,8850.0,9080.0,8980.0,73965.0,9122.9804,-0.333,-0.003335556789502103,-0.003335556789502103
2022-01-05,9050.0,8850.0,9050.0,8890.0,169360.0,9050.0,-1.0022,-0.010072558322640876,-0.010072558322640876
2022-01-06,8870.0,8690.0,8970.0,8890.0,88894.0,8988.0,0.0,0.0,0.0
2022-01-07,9060.0,8920.0,9060.0,8960.0,31506.0,8946.0,0.7874,0.007843161836025708,0.007843161836025708
2022-01-10,8860.0,8860.0,9080.0,8970.0,32545.0,8938.0,0.1116,0.0011153777349220827,0.0011153777349220827
2022-01-11,9000.0,8800.0,9000.0,8820.0,106869.0,8906.0,-1.6722,-0.016863391086104535,-0.016863391086104535
2022-01-12,8800.0,8650.0,9000.0,8750.0,64841.0,8878.0,-0.7937,-0.007968665649299853,-0.007968665649299853
2022-01-13,8780.0,8490.0,8780.0,8660.0,102603.0,8832.0,-1.0286,-0.01033926647882373,-0.01033926647882373
2022-01-14,8650.0,8460.0,8650.0,8530.0,24836.0,8746.0,-1.5012,-0.01512582062537514,-0.01512582062537514
2022-01-17,8530.0,8330.0,8630.0,8620.0,60845.0,8676.0,1.0551,0.010495726652292373,0.010495726652292373
2022-01-18,8620.0,8510.0,8630.0,8580.0,25788.0,8628.0,-0.464,-0.004650798215427383,-0.004650798215427383
2022-01-19,8580.0,8380.0,8580.0,8540.0,34904.0,8586.0,-0.4662,-0.0046729010155517345,-0.0046729010155517345
2022-01-20,8550.0,8430.0,8680.0,8500.0,22044.0,8554.0,-0.4684,-0.004695004304220546,-0.004695004304220546
2022-01-21,8540.0,8350.0,8540.0,8400.0,32939.0,8528.0,-1.1765,-0.011834755266094774,-0.011834755266094774
2022-01-24,8400.0,8170.0,8400.0,8210.0,63898.0,8446.0,-2.2619,-0.022878733663860343,-0.022878733663860343
2022-01-25,8210.0,8060.0,8260.0,8120.0,36417.0,8354.0,-1.0962,-0.011022525448415496,-0.011022525448415496
2022-01-26,8150.0,8100.0,8300.0,8110.0,39560.0,8268.0,-0.1232,-0.0012327595358962492,-0.0012327595358962492
2022-01-27,8110.0,7780.0,8260.0,7790.0,112848.0,8126.0,-3.9457,-0.040256529425780535,-0.029558582241568588
2022-01-28,7710.0,7710.0,8230.0,8200.0,72684.0,8086.0,5.2632,0.05129369438747054,0.02934227394661604
2022-01-31,7710.0,7710.0,8230.0,8200.0,72684.0,8086.0,0.0,0.0,0.0
2022-02-01,7710.0,7710.0,8230.0,8200.0,72684.0,8086.0,0.0,0.0,0.0
2022-02-02,7710.0,7710.0,8230.0,8200.0,72684.0,8086.0,0.0,0.0,0.0
2022-02-03,8250.0,8200.0,8340.0,8270.0,21832.0,8098.0,0.8537,0.008500765889854576,0.008500765889854576
2022-02-04,8200.0,8200.0,8420.0,8420.0,21616.0,8158.0,1.8138,0.017975468862329667,0.017975468862329667
2022-02-07,8420.0,8290.0,8470.0,8470.0,18634.0,8230.0,0.5938,0.0059204395596396285,0.0059204395596396285
2022-02-08,8390.0,8240.0,8470.0,8300.0,32006.0,8332.0,-2.0071,-0.020275158921665322,-0.020275158921665322
2022-02-09,8420.0,8230.0,8420.0,8370.0,16754.0,8366.0,0.8434,0.008398632542285872,0.008398632542285872
2022-02-10,8400.0,8310.0,8400.0,8400.0,9913.0,8392.0,0.3584,0.0035775927764293168,0.0035775927764293168
2022-02-11,8360.0,8250.0,8360.0,8290.0,22027.0,8366.0,-1.3095,-0.013181495447569871,-0.013181495447569871
2022-02-14,8200.0,8020.0,8200.0,8110.0,32056.0,8294.0,-2.1713,-0.021952195964399488,-0.021952195964399488
2022-02-15,8110.0,8060.0,8140.0,8080.0,13108.0,8250.0,-0.3699,-0.0037058582180893623,-0.0037058582180893623
2022-02-16,8070.0,8070.0,8260.0,8250.0,9524.0,8226.0,2.104,0.02082171569229821,0.02082171569229821
2022-02-17,8330.0,8130.0,8360.0,8140.0,10785.0,8174.0,-1.3333,-0.013422682494359956,-0.013422682494359956
2022-02-18,8120.0,8080.0,8210.0,8160.0,10447.0,8148.0,0.2457,0.0024539865105862478,0.0024539865105862478
2022-02-21,8070.0,8070.0,8230.0,8230.0,18273.0,8172.0,0.8578,0.008541418009347618,0.008541418009347618
2022-02-22,8100.0,8080.0,8160.0,8120.0,17104.0,8180.0,-1.3366,-0.013456128988334292,-0.013456128988334292
2022-02-23,8120.0,8050.0,8200.0,8130.0,22610.0,8156.0,0.1232,0.0012312417107442422,0.0012312417107442422
2022-02-24,8000.0,7930.0,8130.0,8040.0,37423.0,8136.0,-1.107,-0.011131728428552003,-0.011131728428552003
2022-02-25,8040.0,8040.0,8210.0,8210.0,10014.0,8146.0,2.1144,0.020923567435422247,0.020923567435422247
2022-02-28,8210.0,8160.0,8470.0,8410.0,32938.0,8182.0,2.4361,0.024069003552521926,0.024069003552521926
2022-03-01,8210.0,8160.0,8470.0,8410.0,32938.0,8182.0,0.0,0.0,0.0
2022-03-02,8380.0,8240.0,8380.0,8340.0,22166.0,8226.0,-0.8323,-0.008357829556738925,-0.008357829556738925
2022-03-03,8360.0,8300.0,8490.0,8380.0,20319.0,8276.0,0.4796,0.004784535832153685,0.004784535832153685
2022-03-04,8450.0,8260.0,8460.0,8460.0,26804.0,8360.0,0.9547,0.009501715388811536,0.009501715388811536
2022-03-07,8500.0,8200.0,8500.0,8340.0,16743.0,8386.0,-1.4184,-0.014285554369859808,-0.014285554369859808
2022-03-08,8250.0,8140.0,8280.0,8230.0,12074.0,8350.0,-1.3189,-0.013276747246786283,-0.013276747246786283
2022-03-09,8250.0,8140.0,8280.0,8230.0,12074.0,8350.0,0.0,0.0,0.0
2022-03-10,8240.0,8230.0,8430.0,8430.0,22575.0,8368.0,2.4301,0.024010428736356716,0.024010428736356716
2022-03-11,8430.0,8290.0,8430.0,8330.0,15535.0,8358.0,-1.1862,-0.011932914874709037,-0.011932914874709037
2022-03-14,8330.0,8130.0,8330.0,8300.0,38295.0,8326.0,-0.3601,-0.003607499207622106,-0.003607499207622106
2022-03-15,8220.0,8170.0,8260.0,8260.0,8197.0,8310.0,-0.4819,-0.004830648819341131,-0.004830648819341131
2022-03-16,8260.0,8180.0,8750.0,8750.0,133115.0,8414.0,5.9322,0.05762908083663594,0.02934227394661604
2022-03-17,8890.0,8680.0,9030.0,9000.0,144587.0,8528.0,2.8571,0.028170460299942756,0.028170460299942756
2022-03-18,9130.0,9000.0,9550.0,9390.0,631200.0,8740.0,4.3333,0.04242039639508329,0.02934227394661604
2022-03-21,9310.0,8900.0,9370.0,9100.0,150321.0,8900.0,-3.0884,-0.03137096321385421,-0.029558582241568588
2022-03-22,9090.0,8930.0,9230.0,9070.0,83076.0,9062.0,-0.3297,-0.0033024470804781767,-0.0033024470804781767
2022-03-23,9010.0,8830.0,9050.0,8980.0,78265.0,9108.0,-0.9923,-0.00997256110025821,-0.00997256110025821
2022-03-24,8960.0,8790.0,8960.0,8930.0,37917.0,9094.0,-0.5568,-0.005583559094236176,-0.005583559094236176
2022-03-25,8860.0,8790.0,9020.0,8990.0,64095.0,9014.0,0.6719,0.006696528122370872,0.006696528122370872
2022-03-28,8990.0,8900.0,9080.0,9010.0,42525.0,8996.0,0.2225,0.0022225283530971775,0.0022225283530971775
2022-03-29,8930.0,8780.0,8970.0,8810.0,59384.0,8944.0,-2.2198,-0.02244808343162486,-0.02244808343162486
2022-03-30,8810.0,8650.0,8890.0,8800.0,51514.0,8908.0,-0.1135,-0.0011356446002937135,-0.0011356446002937135
2022-03-31,8800.0,8790.0,9120.0,9100.0,90481.0,8942.0,3.4091,0.03352277995072771,0.02934227394661604
2022-04-01,8990.0,8910.0,9300.0,9260.0,77507.0,8996.0,1.7582,0.017429224768028818,0.017429224768028818
2022-04-04,9310.0,9170.0,9400.0,9360.0,79810.0,9066.0,1.0799,0.01074110721601899,0.01074110721601899
2022-04-05,9360.0,9240.0,9440.0,9440.0,60608.0,9192.0,0.8547,0.008510681193332415,0.008510681193332415
2022-04-06,9380.0,9340.0,9460.0,9430.0,41781.0,9318.0,-0.1059,-0.0010595611366975217,-0.0010595611366975217
2022-04-07,9430.0,9210.0,9430.0,9260.0,32387.0,9350.0,-1.8028,-0.01819248427247052,-0.01819248427247052
2022-04-08,9180.0,9020.0,9300.0,9280.0,68516.0,9354.0,0.216,0.002157670553799371,0.002157670553799371
2022-04-11,9200.0,9140.0,9520.0,9430.0,93498.0,9368.0,1.6164,0.016034753452750575,0.016034753452750575
2022-04-12,9210.0,9050.0,9330.0,9090.0,73658.0,9298.0,-3.6055,-0.03672103994113815,-0.029558582241568588
2022-04-13,9090.0,9090.0,9210.0,9130.0,17211.0,9238.0,0.44,0.004390348301292854,0.004390348301292854
2022-04-14,9160.0,8870.0,9160.0,8880.0,113333.0,9162.0,-2.7382,-0.02776387408931963,-0.02776387408931963
2022-04-15,8880.0,8800.0,9100.0,9000.0,47166.0,9106.0,1.3514,0.013423500332025513,0.013423500332025513
2022-04-18,8900.0,8670.0,8950.0,8700.0,80367.0,8960.0,-3.3333,-0.033901206848154654,-0.029558582241568588
2022-04-19,8700.0,8690.0,8840.0,8830.0,43555.0,8908.0,1.4943,0.014832453281383556,0.014832453281383556
2022-04-20,8860.0,8740.0,8860.0,8740.0,25279.0,8830.0,-1.0193,-0.0102453043535738,-0.0102453043535738
2022-04-21,8710.0,8690.0,8900.0,8800.0,29568.0,8814.0,0.6865,0.006841543180352895,0.006841543180352895
2022-04-22,8720.0,8540.0,8800.0,8580.0,80138.0,8730.0,-2.5,-0.025317807984289897,-0.025317807984289897
2022-04-25,8540.0,8410.0,8720.0,8660.0,50023.0,8722.0,0.9324,0.009280799836597653,0.009280799836597653
2022-04-26,8670.0,8620.0,8810.0,8740.0,41241.0,8704.0,0.9238,0.0091955906628868,0.0091955906628868
2022-04-27,8560.0,8540.0,8770.0,8710.0,39029.0,8698.0,-0.3432,-0.003437902821525344,-0.003437902821525344
2022-04-28,8760.0,8490.0,8760.0,8690.0,56876.0,8676.0,-0.2296,-0.0022986398495036795,-0.0022986398495036795
2022-04-29,8720.0,8530.0,8720.0,8540.0,46846.0,8668.0,-1.7261,-0.01741170782345137,-0.01741170782345137
2022-05-02,8500.0,8380.0,8700.0,8630.0,32075.0,8662.0,1.0539,0.010483851871852074,0.010483851871852074
2022-05-03,8550.0,8530.0,8670.0,8550.0,42903.0,8624.0,-0.927,-0.00931323384257423,-0.00931323384257423
2022-05-04,8550.0,8320.0,8580.0,8360.0,109766.0,8554.0,-2.2222,-0.022472628579357112,-0.022472628579357112
2022-05-05,8550.0,8320.0,8580.0,8360.0,109766.0,8554.0,0.0,0.0,0.0
2022-05-06,8360.0,8250.0,8410.0,8340.0,65576.0,8484.0,-0.2392,-0.0023948654022734315,-0.0023948654022734315
2022-05-09,8340.0,8000.0,8340.0,8000.0,113592.0,8376.0,-4.0767,-0.04162127219090046,-0.029558582241568588
2022-05-10,8040.0,7870.0,8140.0,8110.0,52366.0,8272.0,1.375,0.013656326447485555,0.013656326447485555
2022-05-11,8130.0,7980.0,8130.0,7980.0,34206.0,8158.0,-1.603,-0.016159870199524234,-0.016159870199524234
2022-05-12,7940.0,7770.0,8160.0,7770.0,98439.0,8040.0,-2.6316,-0.026668463298400922,-0.026668463298400922
2022-05-13,7810.0,7770.0,7950.0,7950.0,37349.0,7962.0,2.3166,0.02290174164517479,0.02290174164517479
2022-05-16,8040.0,7930.0,8140.0,7980.0,21593.0,7958.0,0.3774,0.0037668963292258914,0.0037668963292258914
2022-05-17,8000.0,7870.0,8040.0,7980.0,45789.0,7932.0,0.0,0.0,0.0
2022-05-18,7980.0,7880.0,8000.0,7950.0,38371.0,7926.0,-0.3759,-0.0037660827955568223,-0.0037660827955568223
2022-05-19,7890.0,7800.0,7940.0,7900.0,59324.0,7952.0,-0.6289,-0.006308859066730521,-0.006308859066730521
2022-05-20,7900.0,7850.0,7950.0,7950.0,22569.0,7952.0,0.6329,0.006309055985711173,0.006309055985711173
2022-05-23,7900.0,7710.0,7950.0,7820.0,105171.0,7920.0,-1.6352,-0.01648716950546122,-0.01648716950546122
2022-05-24,7830.0,7720.0,7830.0,7740.0,34556.0,7872.0,-1.023,-0.010282686077047312,-0.010282686077047312
2022-05-25,7750.0,7650.0,7780.0,7780.0,85281.0,7838.0,0.5168,0.0051546917197691005,0.0051546917197691005
2022-05-26,7770.0,7770.0,7940.0,7810.0,60309.0,7820.0,0.3856,0.0038485846881822095,0.0038485846881822095
2022-05-27,7810.0,7810.0,8130.0,8020.0,29061.0,7834.0,2.6889,0.02653384331353729,0.02653384331353729
2022-05-30,8050.0,7930.0,8050.0,8000.0,48630.0,7870.0,-0.2494,-0.0024971151986148076,-0.0024971151986148076
2022-05-31,8120.0,7960.0,8150.0,7970.0,34416.0,7916.0,-0.375,-0.003757048877712288,-0.003757048877712288
2022-06-01,8120.0,7960.0,8150.0,7970.0,34416.0,7916.0,0.0,0.0,0.0
2022-06-02,8050.0,7900.0,8050.0,7940.0,21760.0,7948.0,-0.3764,-0.003771101674068387,-0.003771101674068387
2022-06-03,8020.0,7950.0,8080.0,8050.0,18164.0,7996.0,1.3854,0.013758910581361113,0.013758910581361113
2022-06-06,8020.0,7950.0,8080.0,8050.0,18164.0,7996.0,0.0,0.0,0.0
2022-06-07,7970.0,7920.0,8040.0,7960.0,33473.0,7984.0,-1.118,-0.011242965946047512,-0.011242965946047512
2022-06-08,7920.0,7910.0,8010.0,7970.0,19518.0,7978.0,0.1256,0.0012552118918401321,0.0012552118918401321
2022-06-09,8020.0,7900.0,8020.0,7970.0,17935.0,7978.0,0.0,0.0,0.0
2022-06-10,7900.0,7900.0,8250.0,8000.0,119927.0,7990.0,0.3764,0.0037569338777057445,0.0037569338777057445
2022-06-13,7990.0,7740.0,7990.0,7850.0,70214.0,7950.0,-1.875,-0.01892800988551891,-0.01892800988551891
2022-06-14,7770.0,7630.0,8000.0,7670.0,73587.0,7892.0,-2.293,-0.023196981604202617,-0.023196981604202617
2022-06-15,7630.0,7500.0,7840.0,7530.0,56957.0,7804.0,-1.8253,-0.01842164129644853,-0.01842164129644853
2022-06-16,7600.0,7400.0,7640.0,7500.0,83456.0,7710.0,-0.3984,-0.003991957269539489,-0.003991957269539489
2022-06-17,7400.0,7250.0,7590.0,7590.0,40609.0,7628.0,1.2,0.011928570865273812,0.011928570865273812
2022-06-20,7590.0,7260.0,7600.0,7400.0,41039.0,7538.0,-2.5033,-0.02535165471092999,-0.02535165471092999
2022-06-21,7470.0,7320.0,7470.0,7400.0,20940.0,7484.0,0.0,0.0,0.0
2022-06-22,7400.0,7000.0,7470.0,7270.0,72163.0,7432.0,-1.7568,-0.01772414882985487,-0.01772414882985487
2022-06-23,7180.0,6970.0,7220.0,6980.0,152858.0,7328.0,-3.989,-0.04070741775109049,-0.029558582241568588
2022-06-24,6980.0,6980.0,7100.0,7000.0,110358.0,7210.0,0.2865,0.002860903709549545,0.002860903709549545
2022-06-27,7110.0,6960.0,7120.0,7010.0,126086.0,7132.0,0.1429,0.0014279799511508066,0.0014279799511508066
2022-06-28,6990.0,6810.0,7240.0,7240.0,232596.0,7100.0,3.281,0.03228324292015262,0.02934227394661604
2022-06-29,7150.0,7130.0,7620.0,7460.0,44262.0,7138.0,3.0387,0.029934459828736534,0.02934227394661604
2022-06-30,7400.0,7190.0,7450.0,7380.0,80188.0,7218.0,-1.0724,-0.010781916524707454,-0.010781916524707454
2022-07-01,7340.0,7040.0,7400.0,7130.0,45533.0,7244.0,-3.3875,-0.03446205355510197,-0.029558582241568588
2022-07-04,7130.0,6600.0,7130.0,6890.0,529463.0,7220.0,-3.3661,-0.03424057465471902,-0.029558582241568588
2022-07-05,6930.0,6880.0,7020.0,6960.0,59650.0,7164.0,1.016,0.010108734148287777,0.010108734148287777
2022-07-06,6900.0,6860.0,6970.0,6910.0,20744.0,7054.0,-0.7184,-0.0072099291861461925,-0.0072099291861461925
2022-07-07,6960.0,6810.0,6970.0,6950.0,27015.0,6968.0,0.5789,0.005772308128016538,0.005772308128016538
2022-07-08,6960.0,6910.0,6990.0,6940.0,27437.0,6930.0,-0.1439,-0.0014400363548290147,-0.0014400363548290147
2022-07-11,6990.0,6870.0,7020.0,6990.0,23969.0,6950.0,0.7205,0.0071791679930254815,0.0071791679930254815
2022-07-12,6870.0,6870.0,7000.0,6910.0,18921.0,6940.0,-1.1445,-0.011510998060933727,-0.011510998060933727
2022-07-13,6850.0,6800.0,7030.0,7000.0,31900.0,6958.0,1.3025,0.012940904132800529,0.012940904132800529
2022-07-14,6940.0,6870.0,6970.0,6930.0,24205.0,6954.0,-1.0,-0.01005033585350145,-0.01005033585350145
2022-07-15,6920.0,6660.0,6930.0,6880.0,42355.0,6942.0,-0.7215,-0.007241153989117708,-0.007241153989117708
2022-07-18,6840.0,6840.0,6900.0,6890.0,15469.0,6922.0,0.1453,0.0014519454169158118,0.0014519454169158118
2022-07-19,6890.0,6820.0,6950.0,6890.0,10144.0,6918.0,0.0,0.0,0.0
2022-07-20,6950.0,6930.0,7040.0,7010.0,36991.0,6920.0,1.7417,0.01726706252582472,0.01726706252582472
2022-07-21,7010.0,7010.0,7490.0,7100.0,129670.0,6954.0,1.2839,0.012757278775399783,0.012757278775399783
2022-07-22,7100.0,6950.0,7170.0,7000.0,39505.0,6978.0,-1.4085,-0.014185134992081447,-0.014185134992081447
2022-07-25,7000.0,6930.0,7040.0,6950.0,29605.0,6990.0,-0.7143,-0.00716863336351499,-0.00716863336351499
2022-07-26,7000.0,6910.0,7020.0,6940.0,11778.0,7000.0,-0.1439,-0.0014400363548290147,-0.0014400363548290147
2022-07-27,7040.0,7000.0,7220.0,7090.0,91944.0,7016.0,2.1614,0.02138372963602896,0.02138372963602896
2022-07-28,7250.0,7100.0,7300.0,7300.0,41300.0,7056.0,2.9619,0.029188830897964993,0.029188830897964993
2022-07-29,7270.0,7150.0,7320.0,7150.0,37229.0,7086.0,-2.0548,-0.020762047392486677,-0.020762047392486677
2022-08-01,7190.0,7190.0,7330.0,7250.0,28372.0,7146.0,1.3986,0.013889098367563631,0.013889098367563631
2022-08-02,7190.0,7140.0,7250.0,7170.0,16410.0,7192.0,-1.1034,-0.011095326110124735,-0.011095326110124735
2022-08-03,7150.0,7120.0,7210.0,7200.0,12004.0,7214.0,0.4184,0.004175271410475603,0.004175271410475603
2022-08-04,7200.0,7200.0,7640.0,7540.0,110136.0,7262.0,4.7222,0.046140943796241146,0.02934227394661604
2022-08-05,7600.0,7450.0,7740.0,7730.0,52824.0,7378.0,2.5199,0.024886740087872887,0.024886740087872887
2022-08-08,7670.0,7500.0,7780.0,7780.0,39603.0,7484.0,0.6468,0.006447172249021238,0.006447172249021238
2022-08-09,7690.0,7660.0,7800.0,7790.0,16476.0,7608.0,0.1285,0.001284175094093753,0.001284175094093753
2022-08-10,7790.0,7660.0,7920.0,7880.0,29306.0,7744.0,1.1553,0.011486773682525727,0.011486773682525727
2022-08-11,7890.0,7810.0,8010.0,7930.0,43945.0,7822.0,0.6345,0.006324955232186611,0.006324955232186611
2022-08-12,7900.0,7840.0,8030.0,8000.0,24039.0,7876.0,0.8827,0.008788269783051323,0.008788269783051323
2022-08-15,7900.0,7840.0,8030.0,8000.0,24039.0,7876.0,0.0,0.0,0.0
2022-08-16,8000.0,7650.0,8070.0,7720.0,94793.0,7864.0,-3.5,-0.03562717764315116,-0.029558582241568588
2022-08-17,7820.0,7740.0,7830.0,7760.0,24620.0,7858.0,0.5181,0.005167624797558302,0.005167624797558302
2022-08-18,7730.0,7620.0,7890.0,7870.0,26692.0,7856.0,1.4175,0.014075474104546135,0.014075474104546135
2022-08-19,7870.0,7740.0,7880.0,7810.0,15566.0,7832.0,-0.7624,-0.007653211253779911,-0.007653211253779911
2022-08-22,7640.0,7610.0,7780.0,7620.0,22701.0,7756.0,-2.4328,-0.024628814625504956,-0.024628814625504956
2022-08-23,7600.0,7460.0,7630.0,7590.0,17596.0,7730.0,-0.3937,-0.003944770385878007,-0.003944770385878007
2022-08-24,7460.0,7460.0,7660.0,7600.0,16064.0,7698.0,0.1318,0.0013171322004228024,0.0013171322004228024
2022-08-25,7680.0,7600.0,7710.0,7680.0,24134.0,7660.0,1.0526,0.010470987367246611,0.010470987367246611
2022-08-26,7700.0,7660.0,7770.0,7720.0,10867.0,7642.0,0.5208,0.005194485270831507,0.005194485270831507
2022-08-29,7500.0,7420.0,7580.0,7480.0,26583.0,7614.0,-3.1088,-0.031581486488805266,-0.029558582241568588
2022-08-30,7450.0,7450.0,7540.0,7530.0,5774.0,7602.0,0.6684,0.006661761113477439,0.006661761113477439
2022-08-31,7490.0,7440.0,7570.0,7570.0,6157.0,7596.0,0.5312,0.005297941093297976,0.005297941093297976
2022-09-01,7560.0,7300.0,7570.0,7390.0,64269.0,7538.0,-2.3778,-0.0240652594175311,-0.0240652594175311
2022-09-02,7430.0,7340.0,7440.0,7430.0,9580.0,7480.0,0.5413,0.005398402369787651,0.005398402369787651
2022-09-05,7410.0,7330.0,7440.0,7410.0,9710.0,7466.0,-0.2692,-0.0026956299480102555,-0.0026956299480102555
2022-09-06,7450.0,7400.0,7500.0,7480.0,2503.0,7456.0,0.9447,0.009402656154280119,0.009402656154280119
2022-09-07,7510.0,7330.0,7520.0,7460.0,12603.0,7434.0,-0.2674,-0.0026775815240883106,-0.0026775815240883106
2022-09-08,7460.0,7400.0,7480.0,7470.0,5889.0,7450.0,0.134,0.001339103001229382,0.001339103001229382
2022-09-09,7460.0,7400.0,7480.0,7470.0,5889.0,7450.0,0.0,0.0,0.0
2022-09-12,7460.0,7400.0,7480.0,7470.0,5889.0,7450.0,0.0,0.0,0.0
2022-09-13,7450.0,7430.0,7550.0,7520.0,16967.0,7468.0,0.6693,0.006670701316926875,0.006670701316926875
2022-09-14,7480.0,7390.0,7490.0,7490.0,5841.0,7484.0,-0.3989,-0.003996977281818482,-0.003996977281818482
2022-09-15,7490.0,7330.0,7510.0,7360.0,16042.0,7460.0,-1.7356,-0.017508381092808088,-0.017508381092808088
2022-09-16,7310.0,7290.0,7380.0,7380.0,19780.0,7444.0,0.2717,0.002713315627617754,0.002713315627617754
2022-09-19,7340.0,7280.0,7340.0,7330.0,9470.0,7416.0,-0.6775,-0.0067980545009992946,-0.0067980545009992946
2022-09-20,7330.0,7330.0,7460.0,7440.0,8999.0,7400.0,1.5007,0.014895509021693683,0.014895509021693683
2022-09-21,7310.0,7310.0,7500.0,7460.0,10006.0,7394.0,0.2688,0.0026843937888848517,0.0026843937888848517
2022-09-22,7380.0,7300.0,7400.0,7390.0,18385.0,7400.0,-0.9383,-0.009427297658879548,-0.009427297658879548
2022-09-23,7360.0,7160.0,7360.0,7230.0,24665.0,7370.0,-2.1651,-0.021888821887646577,-0.021888821887646577
2022-09-26,7150.0,6850.0,7170.0,7010.0,95880.0,7306.0,-3.0429,-0.030901573355301446,-0.029558582241568588
2022-09-27,6750.0,6750.0,7330.0,7130.0,60453.0,7244.0,1.7118,0.01697313786770614,0.01697313786770614
2022-09-28,7130.0,6950.0,7470.0,6990.0,88400.0,7150.0,-1.9635,-0.019830327679831755,-0.019830327679831755
2022-09-29,7070.0,6930.0,7200.0,7180.0,36821.0,7108.0,2.7182,0.026819130435537786,0.026819130435537786
2022-09-30,7100.0,6880.0,7100.0,7000.0,33751.0,7062.0,-2.507,-0.025389605433459955,-0.025389605433459955
2022-10-03,7100.0,6880.0,7100.0,7000.0,33751.0,7062.0,0.0,0.0,0.0
2022-10-04,7030.0,7000.0,7150.0,7110.0,17626.0,7082.0,1.5714,0.015591813465844467,0.015591813465844467
2022-10-05,7130.0,6850.0,7160.0,6900.0,24188.0,7036.0,-2.9536,-0.02998097134238028,-0.029558582241568588
2022-10-06,6990.0,6880.0,6990.0,6900.0,10735.0,7018.0,0.0,0.0,0.0
2022-10-07,6920.0,6790.0,6920.0,6840.0,14591.0,6950.0,-0.8696,-0.008734030846009181,-0.008734030846009181
2022-10-10,6920.0,6790.0,6920.0,6840.0,14591.0,6950.0,0.0,0.0,0.0
2022-10-11,6840.0,6300.0,6840.0,6300.0,69732.0,6810.0,-7.8947,-0.08223769823705208,-0.029558582241568588
2022-10-12,6390.0,6360.0,6550.0,6550.0,28880.0,6698.0,3.9683,0.03891585899766705,0.02934227394661604
2022-10-13,6560.0,6410.0,6660.0,6650.0,12392.0,6648.0,1.5267,0.015151632088256362,0.015151632088256362
2022-10-14,6660.0,6620.0,6740.0,6700.0,25311.0,6608.0,0.7519,0.007490873221674671,0.007490873221674671
2022-10-17,6740.0,6580.0,6750.0,6670.0,9885.0,6574.0,-0.4478,-0.004488056274561433,-0.004488056274561433
2022-10-18,6620.0,6620.0,6740.0,6740.0,17466.0,6662.0,1.0495,0.010440309803774934,0.010440309803774934
2022-10-19,6760.0,6560.0,6760.0,6720.0,18114.0,6696.0,-0.2967,-0.0029714102701747674,-0.0029714102701747674
2022-10-20,6710.0,6460.0,6720.0,6520.0,64431.0,6670.0,-2.9762,-0.030213876756010564,-0.029558582241568588
2022-10-21,6510.0,6420.0,6560.0,6500.0,13695.0,6630.0,-0.3067,-0.0030717128832422193,-0.0030717128832422193
2022-10-24,6600.0,6390.0,6600.0,6460.0,41435.0,6588.0,-0.6154,-0.006173013905854529,-0.006173013905854529
2022-10-25,6490.0,6330.0,6560.0,6360.0,39093.0,6512.0,-1.548,-0.015601066228651188,-0.015601066228651188
2022-10-26,6440.0,6250.0,6440.0,6360.0,30968.0,6440.0,0.0,0.0,0.0
2022-10-27,6400.0,6360.0,6440.0,6380.0,24922.0,6412.0,0.3145,0.0031400648321944437,0.0031400648321944437
2022-10-28,6400.0,6240.0,6480.0,6390.0,27908.0,6390.0,0.1567,0.0015657735365783808,0.0015657735365783808
2022-10-31,6400.0,6310.0,6470.0,6390.0,8448.0,6376.0,0.0,0.0,0.0
2022-11-01,6440.0,6360.0,6480.0,6470.0,27118.0,6398.0,1.252,0.01244227288988735,0.01244227288988735
2022-11-02,6500.0,6380.0,6560.0,6520.0,11314.0,6430.0,0.7728,0.007698291965629345,0.007698291965629345
2022-11-03,6420.0,6410.0,6560.0,6540.0,16494.0,6462.0,0.3067,0.003062306350000813,0.003062306350000813
2022-11-04,6500.0,6470.0,6570.0,6500.0,21926.0,6484.0,-0.6116,-0.006134779336768575,-0.006134779336768575
2022-11-07,6580.0,6530.0,6830.0,6650.0,86704.0,6536.0,2.3077,0.022814752954138456,0.022814752954138456
2022-11-08,6650.0,6620.0,6730.0,6640.0,35651.0,6570.0,-0.1504,-0.0015051321433046912,-0.0015051321433046912
2022-11-09,6660.0,6630.0,6720.0,6710.0,44839.0,6608.0,1.0542,0.0104868205801819,0.0104868205801819
2022-11-10,6660.0,6650.0,6880.0,6830.0,32048.0,6666.0,1.7884,0.01772596271620976,0.01772596271620976
2022-11-11,6890.0,6820.0,6910.0,6890.0,37395.0,6744.0,0.8785,0.008746636406558775,0.008746636406558775
2022-11-14,6880.0,6850.0,7140.0,7070.0,46808.0,6828.0,2.6125,0.025789571686293138,0.025789571686293138
2022-11-15,7070.0,7070.0,7120.0,7090.0,29131.0,6918.0,0.2829,0.002825005910579422,0.002825005910579422
2022-11-16,7090.0,7070.0,7160.0,7100.0,29445.0,6996.0,0.141,0.0014090068834198893,0.0014090068834198893
2022-11-17,7100.0,6970.0,7100.0,7100.0,30366.0,7050.0,0.0,0.0,0.0
2022-11-18,7100.0,7040.0,7200.0,7150.0,41065.0,7102.0,0.7042,0.007017320910363106,0.007017320910363106
2022-11-21,7160.0,7030.0,8500.0,7270.0,778167.0,7142.0,1.6783,0.016643721634537118,0.016643721634537118
2022-11-22,7280.0,7200.0,7350.0,7250.0,71177.0,7174.0,-0.2751,-0.0027547909547071094,-0.0027547909547071094
2022-11-23,7320.0,7230.0,7340.0,7270.0,55138.0,7208.0,0.2759,0.0027552009456230713,0.0027552009456230713
2022-11-24,7280.0,7230.0,7340.0,7270.0,29181.0,7242.0,0.0,0.0,0.0
2022-11-25,7280.0,7210.0,7300.0,7240.0,23356.0,7260.0,-0.4127,-0.004135539567795743,-0.004135539567795743
2022-11-28,7290.0,7120.0,7290.0,7160.0,38771.0,7238.0,-1.105,-0.011111504754718705,-0.011111504754718705
2022-11-29,7160.0,7100.0,7390.0,7270.0,48263.0,7242.0,1.5363,0.015246184025410463,0.015246184025410463
2022-11-30,7310.0,7270.0,7400.0,7400.0,29555.0,7268.0,1.7882,0.0177239978538434,0.0177239978538434
2022-12-01,7400.0,7350.0,7450.0,7410.0,31033.0,7296.0,0.1351,0.0013500882206170118,0.0013500882206170118
2022-12-02,7410.0,7390.0,7600.0,7550.0,57186.0,7358.0,1.8893,0.018716743820415282,0.018716743820415282
2022-12-05,7620.0,7490.0,7620.0,7550.0,17060.0,7436.0,0.0,0.0,0.0
2022-12-06,7510.0,7380.0,7610.0,7380.0,23364.0,7458.0,-2.2517,-0.02277437857819454,-0.02277437857819454
2022-12-07,7380.0,7250.0,7380.0,7330.0,23135.0,7444.0,-0.6775,-0.0067980545009992946,-0.0067980545009992946
2022-12-08,7310.0,7130.0,7380.0,7230.0,24869.0,7408.0,-1.3643,-0.013736920945134862,-0.013736920945134862
2022-12-09,7230.0,7230.0,7390.0,7390.0,9606.0,7376.0,2.213,0.02188868525763725,0.02188868525763725
2022-12-12,7500.0,7300.0,7500.0,7370.0,18689.0,7340.0,-0.2706,-0.0027096678362708592,-0.0027096678362708592
2022-12-13,7380.0,7270.0,7540.0,7340.0,29946.0,7332.0,-0.4071,-0.0040793090790075,-0.0040793090790075
2022-12-14,7340.0,7280.0,7420.0,7340.0,15861.0,7334.0,0.0,0.0,0.0
2022-12-15,7370.0,7300.0,7370.0,7300.0,16323.0,7348.0,-0.545,-0.0054649054310672756,-0.0054649054310672756
2022-12-16,7280.0,7180.0,7300.0,7250.0,18375.0,7320.0,-0.6849,-0.006872562046433041,-0.006872562046433041
2022-12-19,7250.0,7000.0,7250.0,7080.0,46645.0,7262.0,-2.3448,-0.023727278675119232,-0.023727278675119232
2022-12-20,7070.0,6880.0,7070.0,6930.0,45972.0,7180.0,-2.1186,-0.021413644287467698,-0.021413644287467698
2022-12-21,6930.0,6900.0,7000.0,6950.0,22164.0,7102.0,0.2886,0.0028818434971909983,0.0028818434971909983
2022-12-22,7020.0,6860.0,7020.0,6880.0,79884.0,7018.0,-1.0072,-0.010123065770985014,-0.010123065770985014
2022-12-23,6910.0,6770.0,6910.0,6820.0,57765.0,6932.0,-0.8721,-0.008759250471115688,-0.008759250471115688
2022-12-26,6780.0,6780.0,6900.0,6810.0,51522.0,6878.0,-0.1466,-0.0014670756293769396,-0.0014670756293769396
2022-12-27,6810.0,6780.0,6910.0,6910.0,75741.0,6874.0,1.4684,0.014577233971228655,0.014577233971228655
2022-12-28,6730.0,6690.0,6850.0,6720.0,59781.0,6828.0,-2.7496,-0.027881090387454628,-0.027881090387454628
2022-12-29,6720.0,6620.0,6740.0,6680.0,35450.0,6788.0,-0.5952,-0.005969783753044275,-0.005969783753044275
2022-12-30,6720.0,6620.0,6740.0,6680.0,35450.0,6788.0,0.0,0.0,0.0
2023-01-02,6630.0,6440.0,6730.0,6490.0,50894.0,6722.0,-2.8443,-0.028855339729326836,-0.028855339729326836
2023-01-03,6490.0,6350.0,6610.0,6580.0,45338.0,6676.0,1.3867,0.013771732858193298,0.013771732858193298
2023-01-04,6580.0,6490.0,6630.0,6610.0,8582.0,6616.0,0.4559,0.004548639237376679,0.004548639237376679
2023-01-05,6630.0,6540.0,6630.0,6580.0,19191.0,6588.0,-0.4539,-0.004549332538616992,-0.004549332538616992
2023-01-06,6850.0,6580.0,6890.0,6670.0,83706.0,6586.0,1.3678,0.01358530049733579,0.01358530049733579
2023-01-09,6690.0,6620.0,6730.0,6720.0,45863.0,6632.0,0.7496,0.0074680446074945235,0.0074680446074945235
2023-01-10,6620.0,6620.0,6770.0,6740.0,25468.0,6664.0,0.2976,0.0029715804781603183,0.0029715804781603183
2023-01-11,6740.0,6680.0,6780.0,6760.0,22877.0,6694.0,0.2967,0.002962607142427241,0.002962607142427241
2023-01-12,6800.0,6730.0,6810.0,6800.0,15515.0,6738.0,0.5917,0.0058995633036462184,0.0058995633036462184
2023-01-13,6740.0,6720.0,6830.0,6800.0,28408.0,6764.0,0.0,0.0,0.0
2023-01-16,6780.0,6750.0,6870.0,6830.0,37443.0,6786.0,0.4412,0.004402295661225257,0.004402295661225257
2023-01-17,6840.0,6730.0,6840.0,6760.0,27937.0,6790.0,-1.0249,-0.010301882640256872,-0.010301882640256872
2023-01-18,6740.0,6670.0,6800.0,6770.0,32505.0,6792.0,0.1479,0.0014779073567136101,0.0014779073567136101
2023-01-19,6770.0,6710.0,6830.0,6760.0,26862.0,6784.0,-0.1477,-0.0014780918397305695,-0.0014780918397305695
2023-01-20,6780.0,6710.0,6850.0,6830.0,17977.0,6790.0,1.0355,0.01030175424524857,0.01030175424524857
2023-01-23,6780.0,6710.0,6850.0,6830.0,17977.0,6790.0,0.0,0.0,0.0
2023-01-24,6780.0,6710.0,6850.0,6830.0,17977.0,6790.0,0.0,0.0,0.0
2023-01-25,6830.0,6780.0,6900.0,6890.0,21021.0,6802.0,0.8785,0.008746636406558775,0.008746636406558775
2023-01-26,6900.0,6810.0,6900.0,6860.0,18424.0,6822.0,-0.4354,-0.004363506261543635,-0.004363506261543635
2023-01-27,6860.0,6810.0,6870.0,6850.0,18995.0,6838.0,-0.1458,-0.0014590639162523006,-0.0014590639162523006
2023-01-30,6850.0,6780.0,6870.0,6790.0,10246.0,6844.0,-0.8759,-0.008797585519442703,-0.008797585519442703
2023-01-31,6790.0,6730.0,6860.0,6740.0,8916.0,6826.0,-0.7364,-0.007391248100421851,-0.007391248100421851
2023-02-01,6760.0,6700.0,6840.0,6740.0,24451.0,6796.0,0.0,0.0,0.0
2023-02-02,6740.0,6740.0,6850.0,6840.0,13906.0,6792.0,1.4837,0.014728008464609029,0.014728008464609029
2023-02-03,6840.0,6700.0,6840.0,6790.0,18628.0,6780.0,-0.731,-0.007336848974018112,-0.007336848974018112
2023-02-06,6790.0,6710.0,6820.0,6750.0,14858.0,6772.0,-0.5891,-0.00590842038987012,-0.00590842038987012
2023-02-07,6740.0,6710.0,6770.0,6750.0,17137.0,6774.0,0.0,0.0,0.0
2023-02-08,6750.0,6710.0,6800.0,6790.0,18856.0,6784.0,0.5926,0.005908510323866194,0.005908510323866194
2023-02-09,6800.0,6770.0,6870.0,6870.0,19771.0,6790.0,1.1782,0.011713132640362995,0.011713132640362995
2023-02-10,6870.0,6720.0,6870.0,6790.0,11854.0,6790.0,-1.1645,-0.01171333403038333,-0.01171333403038333
2023-02-13,6800.0,6710.0,6800.0,6780.0,23511.0,6796.0,-0.1473,-0.001474085931015205,-0.001474085931015205
2023-02-14,6770.0,6720.0,6780.0,6760.0,13943.0,6798.0,-0.295,-0.002954359826436511,-0.002954359826436511
2023-02-15,6740.0,6700.0,6780.0,6750.0,31800.0,6790.0,-0.1479,-0.0014800948001060627,-0.0014800948001060627
2023-02-16,6750.0,6690.0,6780.0,6740.0,42018.0,6764.0,-0.1481,-0.001482097764493303,-0.001482097764493303
2023-02-17,6730.0,6670.0,6730.0,6710.0,12821.0,6748.0,-0.4451,-0.004460935192488866,-0.004460935192488866
2023-02-20,6710.0,6660.0,6760.0,6760.0,10014.0,6744.0,0.7452,0.0074243710238517426,0.0074243710238517426
2023-02-21,6710.0,6710.0,6790.0,6770.0,19515.0,6746.0,0.1479,0.0014779073567136101,0.0014779073567136101
2023-02-22,6700.0,6670.0,6770.0,6760.0,16396.0,6748.0,-0.1477,-0.0014780918397305695,-0.0014780918397305695
2023-02-23,6740.0,6740.0,7010.0,6900.0,80457.0,6780.0,2.071,0.020498463577324808,0.020498463577324808
2023-02-24,6900.0,6840.0,7000.0,6940.0,24593.0,6826.0,0.5797,0.005780262050941087,0.005780262050941087
2023-02-27,6940.0,6880.0,7100.0,7060.0,57290.0,6886.0,1.7291,0.017143211830628034,0.017143211830628034
2023-02-28,7030.0,7000.0,7110.0,7090.0,39895.0,6950.0,0.4249,0.004239998488772639,0.004239998488772639
2023-03-01,7030.0,7000.0,7110.0,7090.0,39895.0,6950.0,0.0,0.0,0.0
2023-03-02,7060.0,6960.0,7060.0,7030.0,21658.0,7004.0,-0.8463,-0.008499014522388203,-0.008499014522388203
2023-03-03,6960.0,6960.0,7030.0,6980.0,22889.0,7020.0,-0.7112,-0.007137410824868263,-0.007137410824868263
2023-03-06,6920.0,6920.0,7030.0,7030.0,26211.0,7038.0,0.7163,0.007137467568866677,0.007137467568866677
2023-03-07,7030.0,6970.0,7100.0,7080.0,15669.0,7042.0,0.7112,0.007086829001629411,0.007086829001629411
2023-03-08,7080.0,6950.0,7080.0,6990.0,30051.0,7022.0,-1.2712,-0.012793488798974786,-0.012793488798974786
2023-03-09,7010.0,6940.0,7210.0,7210.0,49236.0,7058.0,3.1474,0.03098884720082856,0.02934227394661604
2023-03-10,7150.0,7000.0,7200.0,7040.0,22430.0,7070.0,-2.3578,-0.023860408967885004,-0.023860408967885004
2023-03-13,6950.0,6830.0,6970.0,6950.0,29377.0,7054.0,-1.2784,-0.012866418506923591,-0.012866418506923591
2023-03-14,6920.0,6500.0,6920.0,6620.0,36913.0,6962.0,-4.7482,-0.04864627452204388,-0.029558582241568588
2023-03-15,6650.0,6650.0,6750.0,6670.0,16215.0,6898.0,0.7553,0.007524618914139351,0.007524618914139351
2023-03-16,6690.0,6510.0,6740.0,6700.0,22017.0,6796.0,0.4498,0.004487914230551254,0.004487914230551254
2023-03-17,6730.0,6680.0,6940.0,6910.0,39155.0,6770.0,3.1343,0.030861836418799703,0.02934227394661604
2023-03-20,6830.0,6710.0,6890.0,6790.0,20804.0,6738.0,-1.7366,-0.01751855777010264,-0.01751855777010264
2023-03-21,6790.0,6710.0,6980.0,6980.0,18042.0,6810.0,2.7982,0.027597657152049787,0.027597657152049787
2023-03-22,7010.0,6750.0,7190.0,6820.0,98407.0,6840.0,-2.2923,-0.023189817352997348,-0.023189817352997348
2023-03-23,6840.0,6670.0,6840.0,6700.0,21169.0,6840.0,-1.7595,-0.017751632025663683,-0.017751632025663683
2023-03-24,6660.0,6640.0,6730.0,6720.0,6129.0,6802.0,0.2985,0.0029805537333731425,0.0029805537333731425
2023-03-27,6660.0,6550.0,6710.0,6550.0,43526.0,6754.0,-2.5298,-0.025623495727668703,-0.025623495727668703
2023-03-28,6570.0,6490.0,6660.0,6620.0,28279.0,6682.0,1.0687,0.010630297643145655,0.010630297643145655
2023-03-29,6570.0,6500.0,6610.0,6600.0,18472.0,6638.0,-0.3021,-0.0030255724316995717,-0.0030255724316995717
2023-03-30,6600.0,6460.0,6600.0,6520.0,50300.0,6602.0,-1.2121,-0.012195058369914998,-0.012195058369914998
2023-03-31,6570.0,6430.0,6570.0,6480.0,31009.0,6554.0,-0.6135,-0.006153896438576268,-0.006153896438576268
2023-04-03,6480.0,6330.0,6480.0,6400.0,48233.0,6524.0,-1.2346,-0.012422844998609933,-0.012422844998609933
2023-04-04,6330.0,6320.0,6470.0,6470.0,24415.0,6494.0,1.0938,0.010878612737477918,0.010878612737477918
2023-04-05,6470.0,6340.0,6470.0,6470.0,13985.0,6468.0,0.0,0.0,0.0
2023-04-06,6410.0,6370.0,6500.0,6490.0,18109.0,6462.0,0.3091,0.003086232680829361,0.003086232680829361
2023-04-07,6500.0,6360.0,6530.0,6430.0,26076.0,6452.0,-0.9245,-0.009288000242520352,-0.009288000242520352
2023-04-10,6430.0,6300.0,6430.0,6390.0,31951.0,6450.0,-0.6221,-0.006240431049455979,-0.006240431049455979
2023-04-11,6400.0,6300.0,6400.0,6360.0,15848.0,6428.0,-0.4695,-0.004706056131765915,-0.004706056131765915
2023-04-12,6390.0,6300.0,6390.0,6330.0,32086.0,6400.0,-0.4717,-0.00472816015329208,-0.00472816015329208
2023-04-13,6370.0,6210.0,6380.0,6290.0,55023.0,6360.0,-0.6319,-0.006339049386508656,-0.006339049386508656
2023-04-14,6260.0,6170.0,6340.0,6200.0,96144.0,6314.0,-1.4308,-0.01441134640333218,-0.01441134640333218
2023-04-17,6250.0,6170.0,6250.0,6210.0,30157.0,6278.0,0.1613,0.0016117005126944325,0.0016117005126944325
2023-04-18,6260.0,6180.0,6280.0,6250.0,28031.0,6256.0,0.6441,0.006420345402897922,0.006420345402897922
2023-04-19,6280.0,6210.0,6280.0,6260.0,29817.0,6242.0,0.16,0.0015987213636970735,0.0015987213636970735
2023-04-20,6260.0,6170.0,6400.0,6170.0,93641.0,6218.0,-1.4377,-0.014481350436201777,-0.014481350436201777
2023-04-21,6270.0,6150.0,6270.0,6260.0,34768.0,6230.0,1.4587,0.01448163313716175,0.01448163313716175
2023-04-24,6300.0,6170.0,6310.0,6200.0,17213.0,6228.0,-0.9585,-0.009631231770696023,-0.009631231770696023
2023-04-25,6170.0,6110.0,6220.0,6140.0,27080.0,6206.0,-0.9677,-0.00972412643931575,-0.00972412643931575
2023-04-26,6090.0,5930.0,6170.0,6030.0,55277.0,6160.0,-1.7915,-0.018077416328796062,-0.018077416328796062
2023-04-27,5980.0,5980.0,6090.0,6090.0,12198.0,6144.0,0.995,0.009900824677262433,0.009900824677262433
2023-04-28,6090.0,6030.0,6160.0,6160.0,14361.0,6124.0,1.1494,0.011428445823591399,0.011428445823591399
2023-05-01,6090.0,6030.0,6160.0,6160.0,14361.0,6124.0,0.0,0.0,0.0
2023-05-02,6200.0,6150.0,6350.0,6300.0,33870.0,6144.0,2.2727,0.022472589185356315,0.022472589185356315
2023-05-03,6220.0,6220.0,6400.0,6380.0,20950.0,6192.0,1.2698,0.012618056435617597,0.012618056435617597
2023-05-04,6330.0,6280.0,6390.0,6330.0,11709.0,6252.0,-0.7837,-0.007867870679286708,-0.007867870679286708
2023-05-05,6330.0,6280.0,6390.0,6330.0,11709.0,6252.0,0.0,0.0,0.0
2023-05-08,6330.0,6230.0,6350.0,6320.0,9447.0,6298.0,-0.158,-0.0015812495163306677,-0.0015812495163306677
2023-05-09,6350.0,6270.0,6350.0,6280.0,9871.0,6322.0,-0.6329,-0.006349113028983819,-0.006349113028983819
2023-05-10,6280.0,6150.0,6500.0,6270.0,40069.0,6316.0,-0.1592,-0.0015932685785635255,-0.0015932685785635255
2023-05-11,6270.0,6240.0,6320.0,6310.0,19220.0,6302.0,0.638,0.006359733952581633,0.006359733952581633
2023-05-12,6340.0,6170.0,6340.0,6250.0,34840.0,6286.0,-0.9509,-0.00955449920485266,-0.00955449920485266
2023-05-15,6250.0,6070.0,6360.0,6180.0,66663.0,6258.0,-1.12,-0.011263192278710714,-0.011263192278710714
2023-05-16,6290.0,5990.0,6290.0,6100.0,68115.0,6222.0,-1.2945,-0.01302951668377658,-0.01302951668377658
2023-05-17,6060.0,6060.0,6270.0,6220.0,50993.0,6212.0,1.9672,0.01948100695445081,0.01948100695445081
2023-05-18,6220.0,6190.0,6310.0,6290.0,28366.0,6208.0,1.1254,0.011191144883359564,0.011191144883359564
2023-05-19,6320.0,6060.0,6330.0,6110.0,86950.0,6180.0,-2.8617,-0.029034449738349424,-0.029034449738349424
2023-05-22,6110.0,6080.0,6190.0,6160.0,34349.0,6176.0,0.8183,0.008149700790449856,0.008149700790449856
2023-05-23,6160.0,6060.0,6200.0,6170.0,48546.0,6190.0,0.1623,0.0016216843588313095,0.0016216843588313095
2023-05-24,6170.0,6100.0,6210.0,6160.0,40344.0,6178.0,-0.1621,-0.0016223152420303697,-0.0016223152420303697
2023-05-25,6160.0,6030.0,6160.0,6130.0,62913.0,6146.0,-0.487,-0.00488189709160731,-0.00488189709160731
2023-05-26,6090.0,6030.0,6100.0,6080.0,46630.0,6140.0,-0.8157,-0.00819045035170187,-0.00819045035170187
2023-05-30,6070.0,6050.0,6170.0,6140.0,21100.0,6136.0,0.9868,0.009819629242777775,0.009819629242777775
2023-05-31,6080.0,6080.0,6140.0,6130.0,23574.0,6128.0,-0.1629,-0.0016303282631898045,-0.0016303282631898045
2023-06-01,6110.0,6090.0,6200.0,6190.0,27646.0,6134.0,0.9788,0.009740407830773038,0.009740407830773038
2023-06-02,6160.0,6150.0,6220.0,6210.0,21615.0,6150.0,0.3231,0.00322579153551695,0.00322579153551695
2023-06-05,6210.0,6110.0,6210.0,6140.0,42002.0,6162.0,-1.1272,-0.01133601046387095,-0.01133601046387095
2023-06-06,6210.0,6110.0,6210.0,6140.0,42002.0,6162.0,0.0,0.0,0.0
2023-06-07,6140.0,6130.0,6260.0,6200.0,41798.0,6174.0,0.9772,0.009724562795220392,0.009724562795220392
2023-06-08,6170.0,6170.0,6290.0,6290.0,33494.0,6206.0,1.4516,0.014411651475285631,0.014411651475285631
2023-06-09,6250.0,6150.0,6300.0,6180.0,52413.0,6204.0,-1.7488,-0.017642721572849802,-0.017642721572849802
2023-06-12,6180.0,6110.0,6260.0,6250.0,24544.0,6212.0,1.1327,0.011263329878701347,0.011263329878701347
2023-06-13,6200.0,6200.0,6280.0,6260.0,36575.0,6236.0,0.16,0.0015987213636970735,0.0015987213636970735
2023-06-14,6290.0,6190.0,6290.0,6250.0,22058.0,6246.0,-0.1597,-0.0015982765637959106,-0.0015982765637959106
2023-06-15,6230.0,6190.0,6260.0,6260.0,33555.0,6240.0,0.16,0.0015987213636970735,0.0015987213636970735
2023-06-16,6300.0,6200.0,6300.0,6200.0,19253.0,6244.0,-0.9585,-0.009631231770696023,-0.009631231770696023
2023-06-19,6200.0,6180.0,6220.0,6220.0,21308.0,6238.0,0.3226,0.0032208076260685616,0.0032208076260685616
2023-06-20,6220.0,6190.0,6250.0,6190.0,25881.0,6224.0,-0.4823,-0.004834668196759676,-0.004834668196759676
2023-06-21,6240.0,6180.0,6400.0,6200.0,142090.0,6214.0,0.1616,0.001614695677001636,0.001614695677001636
2023-06-22,6270.0,6010.0,6500.0,6060.0,230204.0,6174.0,-2.2581,-0.02283985500619228,-0.02283985500619228
2023-06-23,6040.0,5550.0,6090.0,5860.0,98575.0,6106.0,-3.3003,-0.033559885912145294,-0.029558582241568588
2023-06-26,5890.0,5870.0,6200.0,6050.0,102318.0,6072.0,3.2423,0.03190846680091604,0.02934227394661604
2023-06-27,6090.0,6050.0,6270.0,6230.0,88830.0,6080.0,2.9752,0.029317996551152158,0.029317996551152158
2023-06-28,6200.0,6140.0,6320.0,6270.0,55050.0,6094.0,0.6421,0.006400473201027583,0.006400473201027583
2023-06-29,6230.0,6170.0,6280.0,6270.0,61145.0,6136.0,0.0,0.0,0.0
2023-06-30,6360.0,6280.0,6480.0,6480.0,105058.0,6260.0,3.3493,0.03294432701563562,0.02934227394661604
