date,LOG_CHG_PCT_1D_win,PX_LAST
2015-01-02,-0.0013569201999548515,139.88
2015-01-05,-0.02431420919396806,136.52
2015-01-06,-0.01260511166740141,134.81
2015-01-07,0.01757367443715135,137.2
2015-01-08,0.032728530622081566,142.0
2015-01-09,0.032728530622081566,151.5
2015-01-12,0.010440309803774934,153.09
2015-01-13,-0.0008493606046166485,152.96
2015-01-14,-0.01375821163760535,150.87
2015-01-15,-0.013344645025186966,148.87
2015-01-16,0.01181986930529934,150.64
2015-01-19,0.0,150.64
2015-01-20,-0.004258052652748075,150.0
2015-01-21,-0.00013300884528434032,149.98
2015-01-22,0.004457052567951505,150.65
2015-01-23,0.008065387145625085,151.87
2015-01-26,0.01451218697475088,154.09
2015-01-27,-0.005205525267771923,153.29
2015-01-28,-0.010558545778372421,151.68
2015-01-29,0.0015807499562058341,151.92
2015-01-30,-0.01345207480827193,149.89
2015-02-02,0.010947852964494843,151.54
2015-02-03,0.01791948274294382,154.28
2015-02-04,-0.008527253907659032,152.97
2015-02-05,0.007100730040136463,154.06
2015-02-06,0.0011673184186730926,154.24
2015-02-09,0.021994341382268887,157.67
2015-02-10,0.017914571530301533,160.52
2015-02-11,0.0023023475626301393,160.89
2015-02-12,0.01069559762733868,162.62
2015-02-13,0.004784535832153685,163.4
2015-02-16,0.0,163.4
2015-02-17,0.0005508482552383186,163.49
2015-02-18,-0.010329162600854175,161.81
2015-02-19,-0.00962517372247803,160.26
2015-02-20,-0.0004991245419327001,160.18
2015-02-23,0.0037390012148541965,160.78
2015-02-24,0.003910344627318501,161.41
2015-02-25,-0.008774382551479417,160.0
2015-02-26,-0.004699023136468469,159.25
2015-02-27,-0.004846726425948586,158.48
2015-03-02,0.01577590346373092,161.0
2015-03-03,-0.0067930204076018285,159.91
2015-03-04,-0.0015642227587807226,159.66
2015-03-05,0.0018143530655871857,159.95
2015-03-06,-0.008665436683345459,158.57
2015-03-09,0.010788593274418007,160.29
2015-03-10,-0.00757763791662193,159.08
2015-03-11,0.011438332140829623,160.91
2015-03-12,0.0014279799511508066,161.14
2015-03-13,-0.010731375789369434,159.42
2015-03-16,0.015560308038047347,161.92
2015-03-17,-0.004208844774054682,161.24
2015-03-18,0.032728530622081566,167.11
2015-03-19,-0.007568569499952268,165.85
2015-03-20,0.01389205698391736,168.17
2015-03-23,-0.018787382831291378,165.04
2015-03-24,-0.005346265844919997,164.16
2015-03-25,-0.014851743173432432,161.74
2015-03-26,0.0254552485389041,165.91
2015-03-27,0.012518317878929453,168.0
2015-03-30,0.026838600992162585,172.57
2015-03-31,-0.025887200826862633,168.16
2015-04-01,-0.0004160865520045602,168.09
2015-04-02,-0.008663419279199948,166.64
2015-04-03,0.0,166.64
2015-04-06,0.014417565607992825,169.06
2015-04-07,-0.007898108103544237,167.73
2015-04-08,0.007306244275699104,168.96
2015-04-09,-0.00999276175334603,167.28
2015-04-10,-0.0016754027036357817,167.0
2015-04-13,-0.002337730363594033,166.61
2015-04-14,-0.004572437678557309,165.85
2015-04-15,0.017867422661669144,168.84
2015-04-16,-0.00832656986686275,167.44
2015-04-17,-0.010929510092726483,165.62
2015-04-20,0.012123215952310277,167.64
2015-04-21,0.003454027971514442,168.22
2015-04-22,-0.0044087040697590235,167.48
2015-04-23,0.0017893980719170307,167.78
2015-04-24,-0.00023802832649452008,167.74
2015-04-27,-0.001789600379937409,167.44
2015-04-28,-0.011049825075473951,165.6
2015-04-29,0.020501402703610717,169.03
2015-04-30,-0.012382345805550891,166.95
2015-05-01,0.020219207181395863,170.36
2015-05-04,0.01641749242206963,173.18
2015-05-05,-0.016652892921593197,170.32
2015-05-06,0.003223797974718272,170.87
2015-05-07,0.0029805537333731425,171.38
2015-05-08,0.016665358268900445,174.26
2015-05-11,0.006292162759348063,175.36
2015-05-12,0.011058627356733752,177.31
2015-05-13,0.01500190656834544,179.99
2015-05-14,0.006424319795884033,181.15
2015-05-15,0.010270081707612703,183.02
2015-05-18,-0.014584843636182182,180.37
2015-05-19,0.0063557593028972,181.52
2015-05-20,0.005384477646839723,182.5
2015-05-21,-0.0003290541323733832,182.44
2015-05-22,-0.00417470195463778,181.68
2015-05-26,-0.007957577705271697,180.24
2015-05-27,-0.00550814199996069,179.25
2015-05-28,-0.0036325898727418804,178.6
2015-05-29,-0.01188433984347986,176.49
2015-06-01,0.005086044122184109,177.39
2015-06-02,0.006294150212555799,178.51
2015-06-03,0.006699508095461692,179.71
2015-06-04,-0.007372107329622435,178.39
2015-06-05,0.008929017410893289,179.99
2015-06-08,-0.013987368735938022,177.49
2015-06-09,0.009142083517192904,179.12
2015-06-10,0.003176948151817077,179.69
2015-06-11,0.011344408180610083,181.74
2015-06-12,-0.0009354373851580212,181.57
2015-06-15,0.010954776723522429,183.57
2015-06-16,-0.0020721454111787226,183.19
2015-06-17,0.0015817483762061014,183.48
2015-06-18,0.007709207549958031,184.9
2015-06-19,0.005716628896057331,185.96
2015-06-22,-0.00312387421826317,185.38
2015-06-23,-0.0010255256717397751,185.19
2015-06-24,-0.02271913617656823,181.03
2015-06-25,0.007978090234888408,182.48
2015-06-26,-0.0011516629092211757,182.27
2015-06-29,-0.01659595417242051,179.27
2015-06-30,0.003953175893551764,179.98
2015-07-01,0.032728530622081566,187.9
2015-07-02,0.005836931920630439,189.0
2015-07-03,0.0,189.0
2015-07-06,-0.01053125955957871,187.02
2015-07-07,0.011272229037879108,189.14
2015-07-08,-0.009775626114929577,187.3
2015-07-09,0.0027192993518877083,187.81
2015-07-10,0.019091590255520513,191.43
2015-07-13,0.01116840058612018,193.58
2015-07-14,0.016243359434201046,196.75
2015-07-15,-0.013508834824909801,194.11
2015-07-16,-0.0019078187293661817,193.74
2015-07-17,0.0007737006164719929,193.89
2015-07-20,0.0044261899528801425,194.75
2015-07-21,-0.012815772312113324,192.27
2015-07-22,0.00015598783326536893,192.3
2015-07-23,-0.0039598297876887205,191.54
2015-07-24,0.001982034471309897,191.92
2015-07-27,-0.0019298609843699922,191.55
2015-07-28,0.006245456471828456,192.75
2015-07-29,0.01962418000285936,196.57
2015-07-30,0.006743213347250786,197.9
2015-07-31,0.01648831750480213,201.19
2015-08-03,-0.0011937121909855785,200.95
2015-08-04,0.01726706252582472,204.45
2015-08-05,0.01225065337848388,206.97
2015-08-06,-0.008003946289153204,205.32
2015-08-07,0.0060695430009251716,206.57
2015-08-10,0.016515859237906907,210.01
2015-08-11,0.005413321500639247,211.15
2015-08-12,-0.013829183886471972,208.25
2015-08-13,0.005697737023688279,209.44
2015-08-14,0.006851474949101738,210.88
2015-08-17,-0.0033245200980210683,210.18
2015-08-18,-0.0030496454451504405,209.54
2015-08-19,-0.009638299540002133,207.53
2015-08-20,-0.0316723141351518,201.06
2015-08-21,-0.01943565463888275,197.19
2015-08-24,-0.034627677310067634,188.0
2015-08-25,-0.008761268068601015,186.36
2015-08-26,0.015969801197555797,189.36
2015-08-27,0.032728530622081566,195.66
2015-08-28,0.012040224710802617,198.03
2015-08-31,-0.016085683697673415,194.87
2015-09-01,-0.014941063869300013,191.98
2015-09-02,0.013863456659153736,194.66
2015-09-03,0.006605137968801625,195.95
2015-09-04,-0.0013789503151231427,195.68
2015-09-07,0.0,195.68
2015-09-08,0.030696989212392597,201.78
2015-09-09,-0.009761488684972775,199.82
2015-09-10,-0.034627677310067634,190.15
2015-09-11,0.0003679323046073511,190.22
2015-09-14,-0.0018947939888714987,189.86
2015-09-15,0.01692102849503726,193.1
2015-09-16,0.006761092217902452,194.41
2015-09-17,0.0030812480757820065,195.01
2015-09-18,-0.01894635400281575,191.35
2015-09-21,0.011276184194315333,193.52
2015-09-22,-0.028725659401445013,188.04
2015-09-23,-0.034627677310067634,180.93
2015-09-24,-0.034627677310067634,173.56
2015-09-25,0.01486890786611821,176.16
2015-09-28,-0.034627677310067634,170.08
2015-09-29,-0.0012357632409664308,169.87
2015-09-30,0.032728530622081566,175.58
2015-10-01,-0.0015391839360848847,175.31
2015-10-02,0.016238439982837898,178.18
2015-10-05,0.00927287370811506,179.84
2015-10-06,-0.019540681606947562,176.36
2015-10-07,0.032728530622081566,182.88
2015-10-08,0.032728530622081566,195.98
2015-10-09,0.027826234250884256,201.51
2015-10-12,-0.01832997218520812,197.85
2015-10-13,-0.002834012021134343,197.29
2015-10-14,-0.009523202085648967,195.42
2015-10-15,0.021114511497715458,199.59
2015-10-16,-0.0034629892316664387,198.9
2015-10-19,0.012639780346435838,201.43
2015-10-20,-0.005026612274291366,200.42
2015-10-21,0.029158722220204616,206.35
2015-10-22,0.01729556567321304,209.95
2015-10-23,-0.004535268801761373,209.0
2015-10-26,-0.005758548660678424,207.8
2015-10-27,0.0060456879442483775,209.06
2015-10-28,0.019703602785571667,213.22
2015-10-29,-0.006162952035413146,211.91
2015-10-30,0.03108191356302867,218.6
2015-11-02,0.001371059667992007,218.9
2015-11-03,-0.021797856442698937,214.18
2015-11-04,0.013080081535352952,217.0
2015-11-05,-0.008794559014828568,215.1
2015-11-06,-0.021094941975199764,210.61
2015-11-09,0.005776285097386813,211.83
2015-11-10,0.0017923927040389297,212.21
2015-11-11,0.0007067501932353339,212.36
2015-11-12,-0.014753296649352508,209.25
2015-11-13,0.012065913212037928,211.79
2015-11-16,0.030137275670222414,218.27
2015-11-17,-0.012540301934577038,215.55
2015-11-18,0.032728530622081566,225.23
2015-11-19,0.0007547151308751697,225.4
2015-11-20,0.004249956128971381,226.36
2015-11-23,0.008665347199341391,228.33
2015-11-24,-0.009549451216147998,226.16
2015-11-25,0.015226486442401838,229.63
2015-11-26,0.0,229.63
2015-11-27,0.00849878281736132,231.59
2015-11-30,-0.0030707098073098436,230.88
2015-12-01,0.010083985287352897,233.22
2015-12-02,-0.015034453127978967,229.74
2015-12-03,-0.01853980499201299,225.52
2015-12-04,0.005306893497839218,226.72
2015-12-07,0.004005965395425209,227.63
2015-12-08,0.014696475810079133,231.0
2015-12-09,-0.003990953270107723,230.08
2015-12-10,0.008569179482769692,232.06
2015-12-11,0.008581077021169259,234.06
2015-12-14,-0.004667877608988812,232.97
2015-12-15,0.001629671363973993,233.35
2015-12-16,0.006364702242471454,234.84
2015-12-17,-0.00915477738975972,232.7
2015-12-18,0.0001289916802155395,232.73
2015-12-21,0.0016745970793113241,233.12
2015-12-22,0.02075903253994211,238.01
2015-12-23,0.008909194999873056,240.14
2015-12-24,-0.00025003125520928253,240.08
2015-12-28,-0.0021683491708156598,239.56
2015-12-29,-0.011672863561173264,236.78
2015-12-30,-0.003596459514405049,235.93
2015-12-31,-0.009068999339906406,233.8
2016-01-04,-0.0025271906579445017,233.21
2016-01-05,0.012612131650761159,236.17
2016-01-06,-0.026733168108404506,229.94
2016-01-07,-0.026887244033216202,223.84
2016-01-08,-0.034627677310067634,215.48
2016-01-11,-0.034627677310067634,206.33
2016-01-12,0.013384032905474165,209.11
2016-01-13,-0.034627677310067634,199.57
2016-01-14,0.032728530622081566,207.0
2016-01-15,-0.01921747852911679,203.06
2016-01-18,0.0,203.06
2016-01-19,0.016847284176389005,206.51
2016-01-20,-0.020893762367597588,202.24
2016-01-21,-0.028130992047824516,196.63
2016-01-22,0.014841320735119052,199.57
2016-01-25,-0.034627677310067634,192.38
2016-01-26,0.012089625089021845,194.72
2016-01-27,-0.0022625576542590815,194.28
2016-01-28,-0.023434454403423746,189.78
2016-01-29,0.032728530622081566,202.43
2016-02-01,-0.011277350954996036,200.16
2016-02-02,-0.01845423678340256,196.5
2016-02-03,-0.010950741096665568,194.36
2016-02-04,0.0056947540638463984,195.47
2016-02-05,-0.034627677310067634,184.35
2016-02-08,-0.034627677310067634,177.22
2016-02-09,0.015620364402440245,180.01
2016-02-10,0.016802051636879037,183.06
2016-02-11,-0.034627677310067634,175.13
2016-02-12,0.025649228058589425,179.68
2016-02-15,0.0,179.68
2016-02-16,0.032728530622081566,185.89
2016-02-17,0.032728530622081566,194.84
2016-02-18,-0.0028269921795521027,194.29
2016-02-19,-0.016764746332730483,191.06
2016-02-22,0.032728530622081566,197.52
2016-02-23,-0.0015201548501264327,197.22
2016-02-24,-0.0023858438633492635,196.75
2016-02-25,0.032728530622081566,204.47
2016-02-26,0.02066793908043836,208.74
2016-02-29,0.0033005471966734354,209.43
2016-03-01,0.032728530622081566,217.05
2016-03-02,0.015134887584270106,220.36
2016-03-03,0.007999915177028343,222.13
2016-03-04,-0.008272119837355534,220.3
2016-03-07,-0.023004588105690726,215.29
2016-03-08,-0.005402567622462362,214.13
2016-03-09,0.0006537862351963091,214.27
2016-03-10,-0.008154154943369575,212.53
2016-03-11,0.014573291849460556,215.65
2016-03-14,0.001297158326249647,215.93
2016-03-15,0.009953301145786447,218.09
2016-03-16,0.021860312730264363,222.91
2016-03-17,0.007641727483841698,224.62
2016-03-18,-0.019692633345736045,220.24
2016-03-21,0.0036254202150400074,221.04
2016-03-22,-0.0013128614255426237,220.75
2016-03-23,-0.01345410189624862,217.8
2016-03-24,-0.013357819755041783,214.91
2016-03-25,0.0,214.91
2016-03-28,0.0028339804811337425,215.52
2016-03-29,0.013137326192122606,218.37
2016-03-30,-0.009293046911592641,216.35
2016-03-31,0.008239958108172593,218.14
2016-04-01,0.023558310976881682,223.34
2016-04-04,-0.014295698302114725,220.17
2016-04-05,0.021700824579259977,225.0
2016-04-06,0.032728530622081566,254.85
2016-04-07,-0.026037040929280546,248.3
2016-04-08,0.007303266110120069,250.12
2016-04-11,-0.007826547678041683,248.17
2016-04-12,0.0066667279030390774,249.83
2016-04-13,0.026698404522158027,256.59
2016-04-14,-0.006490014658744195,254.93
2016-04-15,0.006880276520676435,256.69
2016-04-18,0.006174896028083376,258.28
2016-04-19,0.004866141107482342,259.54
2016-04-20,-0.00761895063323613,257.57
2016-04-21,-0.007677395927953092,255.6
2016-04-22,0.0016805870221971871,256.03
2016-04-25,-0.012300339962841751,252.9
2016-04-26,0.014056739489731742,256.48
2016-04-27,-0.00708201839720036,254.67
2016-04-28,-0.03354023764711232,246.27
2016-04-29,-0.009710999495202476,243.89
2016-05-02,0.005315845822235851,245.19
2016-05-03,-0.01185701742528224,242.3
2016-05-04,-0.0004951225529441635,242.18
2016-05-05,0.007282418702717741,243.95
2016-05-06,0.006374638748199776,245.51
2016-05-09,0.013351471105889213,248.81
2016-05-10,0.014167170050712788,252.36
2016-05-11,-0.0017054534593645507,251.93
2016-05-12,0.00047588674793715033,252.05
2016-05-13,-0.018863808124839964,247.34
2016-05-16,0.016758783814954624,251.52
2016-05-17,-0.015627475385723188,247.62
2016-05-18,0.0030244218220375177,248.37
2016-05-19,-0.00999478184109859,245.9
2016-05-20,0.019889878391652984,250.84
2016-05-23,0.00039892042066743696,250.94
2016-05-24,0.020665979990161464,256.18
2016-05-25,-0.001484100732892529,255.8
2016-05-26,-0.002622435580334311,255.13
2016-05-27,0.004224066058210299,256.21
2016-05-30,0.0,256.21
2016-05-31,0.010985438508703312,259.04
2016-06-01,-0.01517049221810753,255.14
2016-06-02,0.0015278322696548154,255.53
2016-06-03,-0.003292414051747557,254.69
2016-06-06,-0.010420101177970653,252.05
2016-06-07,0.02387471722952137,258.14
2016-06-08,0.005062165592264645,259.45
2016-06-09,-0.004055211265983249,258.4
2016-06-10,-0.026707491095440773,251.59
2016-06-13,-0.002228481220815488,251.03
2016-06-14,-0.01590074953167699,247.07
2016-06-15,0.009667122436618414,249.47
2016-06-16,-0.008210615036684823,247.43
2016-06-17,-0.011584845945452999,244.58
2016-06-20,0.01883353042247498,249.23
2016-06-21,0.003924289892154206,250.21
2016-06-22,-0.0011997193755783199,249.91
2016-06-23,0.019731056107572344,254.89
2016-06-24,-0.03278045620019112,246.67
2016-06-27,-0.034627677310067634,232.92
2016-06-28,0.032728530622081566,244.66
2016-06-29,0.007938407301520727,246.61
2016-06-30,0.00545907211405354,247.96
2016-07-01,0.009192618118790368,250.25
2016-07-04,0.0,250.25
2016-07-05,-0.013112595545927665,246.99
2016-07-06,0.017060636178012296,251.24
2016-07-07,0.009468036350047872,253.63
2016-07-08,0.032728530622081566,264.62
2016-07-11,0.01276715196416345,268.02
2016-07-12,-0.0008583682926785068,267.79
2016-07-13,-0.02506963365388152,261.16
2016-07-14,0.015652852407723832,265.28
2016-07-15,0.0005278606570466459,265.42
2016-07-18,-0.0065393349198698235,263.69
2016-07-19,0.011350340481195768,266.7
2016-07-20,0.004190208800406086,267.82
2016-07-21,-0.010623227197141418,264.99
2016-07-22,-0.00011300638498103618,264.96
2016-07-25,-0.010509026894740191,262.19
2016-07-26,0.002400117412481585,262.82
2016-07-27,-0.0049964615508224985,261.51
2016-07-28,0.008149700790449856,263.65
2016-07-29,-0.004637737699526843,262.43
2016-08-01,-0.0012968405343000854,262.09
2016-08-02,-0.007929354402498269,260.02
2016-08-03,0.017082263793725766,264.5
2016-08-04,-0.0028400290674264568,263.75
2016-08-05,0.014827526884220331,267.69
2016-08-08,0.006219618013866329,269.36
2016-08-09,0.002521817543509488,270.04
2016-08-10,0.010315610665027229,272.84
2016-08-11,0.008394665988269219,275.14
2016-08-12,-0.0038604419264788954,274.08
2016-08-15,0.006980578967395313,276.0
2016-08-16,-0.0012327595358962492,275.66
2016-08-17,-0.001379951695526057,275.28
2016-08-18,0.009076682006394571,277.79
2016-08-19,-0.0008283429813388192,277.56
2016-08-22,-7.20025921243837e-05,277.54
2016-08-23,0.005784238988679042,279.15
2016-08-24,-0.013778488909015316,275.33
2016-08-25,-0.005901378933294523,273.71
2016-08-26,-0.002377824785964113,273.06
2016-08-29,0.006242475145366771,274.77
2016-08-30,0.008516630328229018,277.12
2016-08-31,-0.0072431685260160245,275.12
2016-09-01,-0.0037871622545784306,274.08
2016-09-02,-0.0002920426403008062,274.0
2016-09-05,0.0,274.0
2016-09-06,-0.006958151888884185,272.1
2016-09-07,-0.005897355266083981,270.5
2016-09-08,0.0011083855137682197,270.8
2016-09-09,-0.034627677310067634,261.4
2016-09-12,0.002369191248695262,262.02
2016-09-13,-0.00997256110025821,259.42
2016-09-14,-0.0028951870122153316,258.67
2016-09-15,0.02168321083114192,264.34
2016-09-16,-0.015785944976146746,260.2
2016-09-19,0.009676035811979948,262.73
2016-09-20,-0.034627677310067634,253.58
2016-09-21,0.020839344620978948,258.92
2016-09-22,0.0078094268914818965,260.95
2016-09-23,-0.00460960793693011,259.75
2016-09-26,-0.0055594250052365055,258.31
2016-09-27,0.014451078366007323,262.07
2016-09-28,0.002933692512869156,262.84
2016-09-29,-0.009288000242520352,260.41
2016-09-30,0.01596192791024178,264.6
2016-10-03,-0.00409035410405219,263.52
2016-10-04,-0.032866225741619556,255.0
2016-10-05,-0.034627677310067634,242.99
2016-10-06,0.004024889255275659,243.97
2016-10-07,-0.013327416794196453,240.74
2016-10-10,0.012589419650282357,243.79
2016-10-11,-0.015293349388678703,240.09
2016-10-12,0.018814884737110574,244.65
2016-10-13,0.0002449699924011918,244.71
2016-10-14,0.013435340256250037,248.02
2016-10-17,-0.02395156223602323,242.15
2016-10-18,0.01772301542121257,246.48
2016-10-19,-0.013972157566883345,243.06
2016-10-20,-0.0037510263111553196,242.15
2016-10-21,-0.00962719306780622,239.83
2016-10-24,-0.0002920426403008062,239.76
2016-10-25,-0.024787692110285836,233.89
2016-10-26,-0.010962873301299624,231.34
2016-10-27,-0.024062186350759015,225.84
2016-10-28,-0.012206193398843395,223.1
2016-10-31,0.002104783388554209,223.57
2016-11-01,-0.013373021582098984,220.6
2016-11-02,-0.014750252065996151,217.37
2016-11-03,0.008520596398497768,219.23
2016-11-04,0.03182807016455171,226.32
2016-11-07,0.0014569381499928613,226.65
2016-11-08,0.019486891182268682,231.11
2016-11-09,0.032728530622081566,241.65
2016-11-10,0.032728530622081566,254.94
2016-11-11,-0.0054277033680578185,253.56
2016-11-14,0.010279979483384457,256.18
2016-11-15,0.009595812573443637,258.65
2016-11-16,-0.00822977186405264,256.53
2016-11-17,-0.018888265452409406,251.73
2016-11-18,-0.011064991856987135,248.96
2016-11-21,0.010349261170876553,251.55
2016-11-22,0.008234999126390582,253.63
2016-11-23,0.004523752385447742,254.78
2016-11-24,0.0,254.78
2016-11-25,0.010736160621922114,257.53
2016-11-28,-0.026560631251330936,250.78
2016-11-29,0.005487913816372429,252.16
2016-11-30,-0.0029784311256258926,251.41
2016-12-01,0.00019898020212653455,251.46
2016-12-02,-0.005863154748445776,249.99
2016-12-05,0.009276836780209186,252.32
2016-12-06,-0.0018647375428635516,251.85
2016-12-07,0.009523507103602401,254.26
2016-12-08,-0.029900600647965105,246.77
2016-12-09,0.008313348163456472,248.83
2016-12-12,-0.0020521041261308344,248.32
2016-12-13,0.004099585205445413,249.34
2016-12-14,-0.021198100516180093,244.11
2016-12-15,-0.0011476583079342876,243.83
2016-12-16,0.01760216884659911,248.16
2016-12-19,-0.010491847446816553,245.57
2016-12-20,-0.034627677310067634,231.72
2016-12-21,-0.005972801720513692,230.34
2016-12-22,0.008473002517079026,232.3
2016-12-23,0.011215866358857086,234.92
2016-12-26,0.0,234.92
2016-12-27,0.002847940764129029,235.59
2016-12-28,-0.02054154022511029,230.8
2016-12-29,0.008585042835846638,232.79
2016-12-30,-0.008325561506039064,230.86
2017-01-02,0.0,230.86
2017-01-03,0.014320963726941143,234.19
2017-01-04,0.02421444950813614,239.93
2017-01-05,-0.005265840232536171,238.67
2017-01-06,-0.005504119914690461,237.36
2017-01-09,-0.034627677310067634,202.51
2017-01-10,0.03125832810275822,208.94
2017-01-11,0.006583282564157906,210.32
2017-01-12,0.021915100335365152,214.98
2017-01-13,0.0009295678179322233,215.18
2017-01-16,0.0,215.18
2017-01-17,-0.020801866369297397,210.75
2017-01-18,-0.021438164057555126,206.28
2017-01-19,0.0008236606983768345,206.45
2017-01-20,0.00680678121292135,207.86
2017-01-23,-0.002359782096961482,207.37
2017-01-24,0.007350915695081394,208.9
2017-01-25,0.008674269508336028,210.72
2017-01-26,0.006150049616177345,212.02
2017-01-27,-0.03191593810482607,205.36
2017-01-30,-0.002486087756825821,204.85
2017-01-31,0.011551029249674867,207.23
2017-02-01,-0.0054196598607266135,206.11
2017-02-02,-0.00019401882043417634,206.07
2017-02-03,0.0013580773952853867,206.35
2017-02-06,0.002372184145055728,206.84
2017-02-07,-0.0007252629395951278,206.69
2017-02-08,0.011784291682829578,209.14
2017-02-09,0.014384051726835954,212.17
2017-02-10,-4.700110453462814e-05,212.16
2017-02-13,0.011202022407872403,214.55
2017-02-14,-0.012192021565362131,211.95
2017-02-15,0.021147800576159437,216.48
2017-02-16,0.009242159366843505,218.49
2017-02-17,0.00820425289044639,220.29
2017-02-20,0.0,220.29
2017-02-21,0.013257726671896368,223.23
2017-02-22,-0.025865650330199767,217.53
2017-02-23,0.0092431501667707,219.55
2017-02-24,-0.006489008148130372,218.13
2017-02-27,0.007808434670002048,219.84
2017-02-28,-0.034627677310067634,211.3
2017-03-01,0.007168246621440118,212.82
2017-03-02,0.0055764228127730036,214.01
2017-03-03,-0.020965242871831092,209.57
2017-03-06,-0.02248694686042733,204.91
2017-03-07,0.002437028033417255,205.41
2017-03-08,0.007082857240848443,206.87
2017-03-09,0.006552485501400603,208.23
2017-03-10,0.01600719846578811,211.59
2017-03-13,-0.006590670836451197,210.2
2017-03-14,-0.02139729810808026,205.75
2017-03-15,0.007745922731938043,207.35
2017-03-16,0.009981023451452301,209.43
2017-03-17,-0.005218593201425245,208.34
2017-03-20,-0.010179637141845698,206.23
2017-03-21,-0.014555418009198528,203.25
2017-03-22,0.009060826450508343,205.1
2017-03-23,-0.013548366025421772,202.34
2017-03-24,-0.011632394729755906,200.0
2017-03-27,-0.007074968671963393,198.59
2017-03-28,0.01875600134289775,202.35
2017-03-29,0.024023120237688312,207.27
2017-03-30,-0.0034308787394599746,206.56
2017-03-31,-0.012470433646397633,204.0
2017-04-03,0.0002939567904688771,204.06
2017-04-04,-0.034627677310067634,173.93
2017-04-05,-0.02050479375736033,170.4
2017-04-06,0.012654591833237718,172.57
2017-04-07,0.003181932279861363,173.12
2017-04-10,0.018825679649958918,176.41
2017-04-11,0.0071732108960380165,177.68
2017-04-12,-0.016341802863596523,174.8
2017-04-13,-0.011970359738416592,172.72
2017-04-14,0.0,172.72
2017-04-17,0.01351426950214188,175.07
2017-04-18,-0.0021152355341776436,174.7
2017-04-19,-0.002751782683465353,174.22
2017-04-20,0.018031451847445423,177.39
2017-04-21,0.0014649264710675008,177.65
2017-04-24,0.0014629293967812719,177.91
2017-04-25,-0.008977174523428387,176.32
2017-04-26,0.00102047913400591,176.5
2017-04-27,0.0019810364508834953,176.85
2017-04-28,-0.004250018547973367,176.1
2017-05-01,-0.0001140064984938377,176.08
2017-05-02,0.014434322127388302,178.64
2017-05-03,-0.007472852339051733,177.31
2017-05-04,0.01400151963581361,179.81
2017-05-05,0.02953550099919878,185.2
2017-05-08,0.00908361873304257,186.89
2017-05-09,0.023688205903788385,191.37
2017-05-10,0.006303093703110934,192.58
2017-05-11,-0.02098975164954896,188.58
2017-05-12,-0.034627677310067634,173.43
2017-05-15,0.013401793440185201,175.77
2017-05-16,-0.017620330239516247,172.7
2017-05-17,-0.01899833082931609,169.45
2017-05-18,-0.002008014712793415,169.11
2017-05-19,0.0007687044709981828,169.24
2017-05-22,0.005303909371897189,170.14
2017-05-23,-0.0024129087242901557,169.73
2017-05-24,-0.01113779561045721,167.85
2017-05-25,-0.009217349549609623,166.31
2017-05-26,-0.008696706968053865,164.87
2017-05-29,0.0,164.87
2017-05-30,-0.01275803877868859,162.78
2017-05-31,0.0007986809694256366,162.91
2017-06-01,0.024736514065712006,166.99
2017-06-02,0.004540675512145059,167.75
2017-06-05,0.0024410182892125013,168.16
2017-06-06,0.02333364082590586,172.13
2017-06-07,0.0050989780878227635,173.01
2017-06-08,0.0012711916933713532,173.23
2017-06-09,0.02254591984948638,177.18
2017-06-12,0.032648199891711215,183.06
2017-06-13,-0.021032643455995013,179.25
2017-06-14,0.0076139402506842655,180.62
2017-06-15,-0.010351391267145295,178.76
2017-06-16,-0.012780321501881338,176.49
2017-06-19,0.010315610665027229,178.32
2017-06-20,-0.012470433646397633,176.11
2017-06-21,-0.0077519690222168204,174.75
2017-06-22,0.01143635488520106,176.76
2017-06-23,0.002203570354542415,177.15
2017-06-26,-0.003336560131131317,176.56
2017-06-27,-0.006990375845384664,175.33
2017-06-28,0.024786266741269974,179.73
2017-06-29,0.032728530622081566,198.52
2017-06-30,0.023694065427565324,203.28
2017-07-03,-0.0010335339122191681,203.07
2017-07-04,0.0,203.07
2017-07-05,-0.010842568779069315,200.88
2017-07-06,-0.009302130980104786,199.02
2017-07-07,-0.002465035705628411,198.53
2017-07-10,-0.0005041270506907744,198.43
2017-07-11,0.004926843151518012,199.41
2017-07-12,-0.006187100694559933,198.18
2017-07-13,0.025949383498480246,203.39
2017-07-14,0.006420345402897922,204.7
2017-07-17,-0.013327416794196453,201.99
2017-07-18,-0.0011887062313906374,201.75
2017-07-19,0.011825798785985506,204.15
2017-07-20,-0.003189079713404119,203.5
2017-07-21,0.00861181167355026,205.26
2017-07-24,0.006894180430754073,206.68
2017-07-25,-0.0020831682891620717,206.25
2017-07-26,-0.016129381929883644,202.95
2017-07-27,0.0018213403522190556,203.32
2017-07-28,0.0038784690059901817,204.11
2017-07-31,-0.007178705358132555,202.65
2017-08-01,-0.008424385699895516,200.95
2017-08-02,-0.0006972430174286074,200.81
2017-08-03,-0.004042158526388692,200.0
2017-08-04,-0.0006502113415863559,199.87
2017-08-07,-0.010613120449674635,197.76
2017-08-08,-0.006289739002285267,196.52
2017-08-09,-0.013525052564278826,193.88
2017-08-10,-0.034627677310067634,185.08
2017-08-11,0.0032905800980657907,185.69
2017-08-14,0.005370552729991185,186.69
2017-08-15,-0.02467391276521427,182.14
2017-08-16,0.006784930214876179,183.38
2017-08-17,-0.012235549978540717,181.15
2017-08-18,-0.01568943806897096,178.33
2017-08-21,-0.009068999339906406,176.72
2017-08-22,0.02393037093848927,181.0
2017-08-23,-0.028638186138621097,175.89
2017-08-24,-0.0022765894643727975,175.49
2017-08-25,0.007154346521458502,176.75
2017-08-28,-0.01115094129753447,174.79
2017-08-29,-0.004587506535700407,173.99
2017-08-30,0.0023532289834898522,174.4
2017-08-31,0.013610949339045232,176.79
2017-09-01,0.0009615375745450031,176.96
2017-09-04,0.0,176.96
2017-09-05,-0.0022625576542590815,176.56
2017-09-06,0.018740298518842645,179.9
2017-09-07,-0.003229208285354054,179.32
2017-09-08,0.0023951293862385387,179.75
2017-09-11,0.0011123810746999229,179.95
2017-09-12,0.014399823104939317,182.56
2017-09-13,-0.011182289402569373,180.53
2017-09-14,-0.014169920814496214,177.99
2017-09-15,-0.034627677310067634,170.5
2017-09-18,-0.01578391315580848,167.83
2017-09-19,-0.034627677310067634,157.66
2017-09-20,0.018476257860936852,160.6
2017-09-21,0.005093008586007568,161.42
2017-09-22,0.015795590227631277,163.99
2017-09-25,0.011036869069545294,165.81
2017-09-26,-0.0047150986269722354,165.03
2017-09-27,0.021875966638018177,168.68
2017-09-28,-0.0032663286481345723,168.13
2017-09-29,0.018562643147220455,171.28
2017-10-02,-0.007030657251291668,170.08
2017-10-03,-0.0024720530067845305,169.66
2017-10-04,0.032728530622081566,178.33
2017-10-05,-0.014914672833318394,175.69
2017-10-06,-0.008517168321373664,174.2
2017-10-09,-0.017664095586020112,171.15
2017-10-10,-0.013884951330162602,168.79
2017-10-11,-0.022345818467103387,165.06
2017-10-12,0.002299354457248409,165.44
2017-10-13,-0.017745524583541793,162.53
2017-10-16,0.014415594234310233,164.89
2017-10-17,-0.0076098818419195,163.64
2017-10-18,-0.009023590409778333,162.17
2017-10-19,-0.007613912405684539,160.94
2017-10-20,-0.000249031005647099,160.9
2017-10-23,-0.005921497512199282,159.95
2017-10-24,-0.005956705999259029,159.0
2017-10-25,-0.016551218858050835,156.39
2017-10-26,0.017871351818963252,159.21
2017-10-27,-0.0032713450190611343,158.69
2017-10-30,0.032728530622081566,165.48
2017-10-31,0.0103403537942326,167.2
2017-11-01,-0.00889141170599664,165.72
2017-11-02,-0.027467809890570332,161.23
2017-11-03,0.005196474906817492,162.07
2017-11-06,0.024381344639333613,166.07
2017-11-07,-0.034627677310067634,160.03
2017-11-08,-0.011058925116778015,158.27
2017-11-09,0.011371103256111768,160.08
2017-11-10,0.000624804768842178,160.18
2017-11-13,0.020698304488951054,163.53
2017-11-14,0.004758659598179252,164.31
2017-11-15,-0.005920491573640974,163.34
2017-11-16,0.006225580794191507,164.36
2017-11-17,-0.015574657769004236,161.82
2017-11-20,0.0022225283530971775,162.18
2017-11-21,0.0017864034308270615,162.47
2017-11-22,-0.00605026600272764,161.49
2017-11-23,0.0,161.49
2017-11-24,-0.02191130900355233,157.99
2017-11-27,0.011704237404009166,159.85
2017-11-28,0.032728530622081566,168.04
2017-11-29,0.014240126410025767,170.45
2017-11-30,0.0056748674375023955,171.42
2017-12-01,-0.026062700732635537,167.01
2017-12-04,0.030486527111524126,172.18
2017-12-05,-0.010979049803111256,170.3
2017-12-06,-0.034627677310067634,164.05
2017-12-07,0.007892769981296573,165.35
2017-12-08,0.032728530622081566,171.65
2017-12-11,0.011411638859971719,173.62
2017-12-12,0.0035068438290395817,174.23
2017-12-13,-0.034627677310067634,167.44
2017-12-14,-0.034627677310067634,161.53
2017-12-15,0.02627185273882979,165.83
2017-12-18,0.029529675603775826,170.8
2017-12-19,0.006186822086521105,171.86
2017-12-20,-0.006362195915612168,170.77
2017-12-21,0.009558174762097749,172.41
2017-12-22,-0.0013348905701017317,172.18
2017-12-26,0.022398275293220055,176.08
2017-12-27,0.006509765424696651,177.23
2017-12-28,0.0034360898758819137,177.84
2017-12-29,-0.010399891890589836,176.0
2018-01-02,0.021417009753804363,179.81
2018-01-03,-0.012141409513812068,177.64
2018-01-04,0.016525695387329963,180.6
2018-01-05,0.02601563944327037,185.36
2018-01-08,0.001994010638736984,185.73
2018-01-09,-0.034627677310067634,157.95
2018-01-10,0.006562420141403946,158.99
2018-01-11,0.005394423897302371,159.85
2018-01-12,-0.00696822176374589,158.74
2018-01-15,0.0,158.74
2018-01-16,0.011586615171887941,160.59
2018-01-17,0.019791842924303128,163.8
2018-01-18,-0.014203392310730955,161.49
2018-01-19,0.01022653033034285,163.15
2018-01-22,0.01550910960077006,165.7
2018-01-23,0.006137129238007594,166.72
2018-01-24,0.0010194801534656336,166.89
2018-01-25,0.0010784182979001597,167.07
2018-01-26,0.008047531579300753,168.42
2018-01-29,-0.029159022164249693,163.58
2018-01-30,-0.03255728319575917,158.34
2018-01-31,-0.024939418044332057,154.44
2018-02-01,-0.005063799418599426,153.66
2018-02-02,-0.024440244437892795,149.95
2018-02-05,-0.03205222824609735,145.22
2018-02-06,0.02509253261169837,148.91
2018-02-07,-0.00565697052865314,148.07
2018-02-08,-0.018127311421827635,145.41
2018-02-09,0.011214877511571061,147.05
2018-02-12,0.02312357742018141,150.49
2018-02-13,-0.010823361833837338,148.87
2018-02-14,0.018633316467678632,151.67
2018-02-15,0.011928570865273812,153.49
2018-02-16,-0.01542840815721917,151.14
2018-02-19,0.0,151.14
2018-02-20,-0.015536062043983848,148.81
2018-02-21,-0.00830035281589634,147.58
2018-02-22,-0.008710829352638982,146.3
2018-02-23,0.0017754230034387874,146.56
2018-02-26,0.013083042546242048,148.49
2018-02-27,-0.01999762630725115,145.55
2018-02-28,-0.02061605804128277,142.58
2018-03-01,0.029099473465261146,146.79
2018-03-02,0.001225249075692752,146.97
2018-03-05,0.019339775098586472,149.84
2018-03-06,0.02868269041229125,154.2
2018-03-07,-0.034627677310067634,146.8
2018-03-08,0.032728530622081566,151.76
2018-03-09,0.006109300164177115,152.69
2018-03-12,-0.012389433045936427,150.81
2018-03-13,0.0018552779071213882,151.09
2018-03-14,-0.014802011243747111,148.87
2018-03-15,0.00649486264299272,149.84
2018-03-16,0.0019331302990257565,150.13
2018-03-19,-0.005142198469810062,149.36
2018-03-20,-0.017764864944891594,146.73
2018-03-21,0.0021107707552105327,147.04
2018-03-22,-0.034627677310067634,134.66
2018-03-23,-0.01692543039972551,132.4
2018-03-26,0.032728530622081566,137.67
2018-03-27,-0.01257270627595154,135.95
2018-03-28,0.007766760478822734,137.01
2018-03-29,0.015785746894127182,139.19
2018-03-30,0.0,139.19
2018-04-02,-0.018270900988102946,136.67
2018-04-03,-0.013925511424510869,134.78
2018-04-04,-0.034627677310067634,129.48
2018-04-05,0.028400850520751236,133.21
2018-04-06,-0.010414038348872742,131.83
2018-04-09,-0.01814156761996466,129.46
2018-04-10,0.005469017622612294,130.17
2018-04-11,-0.001998996663167101,129.91
2018-04-12,0.009728524077646085,131.18
2018-04-13,-0.002901204426612677,130.8
2018-04-16,-0.0021432952171250266,130.52
2018-04-17,0.011502590820592882,132.03
2018-04-18,-0.005849072522327168,131.26
2018-04-19,-0.01899731164988799,128.79
2018-04-20,-0.006700397611857378,127.93
2018-04-23,0.00693291173235422,128.82
2018-04-24,-0.0197558683893944,126.3
2018-04-25,0.003951183782312214,126.8
2018-04-26,-0.016860340071616815,124.68
2018-04-27,-0.016333671088175777,122.66
2018-04-30,-0.023842998614561996,119.77
2018-05-01,-0.034627677310067634,113.87
2018-05-02,-0.00749300255894171,113.02
2018-05-03,-0.014706614056471052,111.37
2018-05-04,0.006711427899023593,112.12
2018-05-07,-0.017091226467890488,110.22
2018-05-08,0.02296038143659026,112.78
2018-05-09,0.009882011687783795,113.9
2018-05-10,-0.003341576854378304,113.52
2018-05-11,0.007197039071069028,114.34
2018-05-14,0.011391865599943896,115.65
2018-05-15,0.0019870245585017336,115.88
2018-05-16,0.009789921948743712,117.02
2018-05-17,0.014591031275038784,118.74
2018-05-18,-0.004896970612706744,118.16
2018-05-21,0.020356395506884575,120.59
2018-05-22,-0.011593950856793912,119.2
2018-05-23,-0.009270841758179386,118.1
2018-05-24,0.008599914500814175,119.12
2018-05-25,0.004021901301212488,119.6
2018-05-28,0.0,119.6
2018-05-29,-0.005617750050731493,118.93
2018-05-30,0.021544247050555576,121.52
2018-05-31,-0.0272776759894828,118.25
2018-06-01,0.002870875091682971,118.59
2018-06-04,-0.005411616418092897,117.95
2018-06-05,0.01012259324287331,119.15
2018-06-06,0.019366257590963266,121.48
2018-06-07,0.00016498638899716046,121.5
2018-06-08,0.0027940928843762838,121.84
2018-06-11,-0.022660828063182353,119.11
2018-06-12,0.032728530622081566,123.6
2018-06-13,8.099671967713398e-05,123.61
2018-06-14,-0.023243038730399568,120.77
2018-06-15,0.011852481013992656,122.21
2018-06-18,0.007337018134003692,123.11
2018-06-19,-0.022009440518260325,120.43
2018-06-20,-0.003744000029348212,119.98
2018-06-21,-0.016979336534917833,117.96
2018-06-22,0.028827466919883717,121.41
2018-06-25,-0.010765743211482683,120.11
2018-06-26,0.0014139998308816428,120.28
2018-06-27,-0.0035814055836980207,119.85
2018-06-28,-0.034627677310067634,115.39
2018-06-29,0.00415137112247597,115.87
2018-07-02,0.010730224676706963,117.12
2018-07-03,0.032728530622081566,132.05
2018-07-04,0.0,132.05
2018-07-05,-0.034627677310067634,126.1
2018-07-06,0.018620556376532104,128.47
2018-07-09,-0.004837682740425569,127.85
2018-07-10,0.021664618204879114,130.65
2018-07-11,0.015267850918595465,132.66
2018-07-12,-0.002263559919880436,132.36
2018-07-13,0.01574145069429085,134.46
2018-07-16,-0.01596780961753904,132.33
2018-07-17,-0.010788992431497665,130.91
2018-07-18,0.007155339392150637,131.85
2018-07-19,0.01348467176498541,133.64
2018-07-20,-0.02538652829419418,130.29
2018-07-23,-0.00015401185921754944,130.27
2018-07-24,0.0050532109965422695,130.93
2018-07-25,0.0164381502560375,133.1
2018-07-26,0.005993006011405577,133.9
2018-07-27,0.0032806129001141013,134.34
2018-07-30,0.012942878415790142,136.09
2018-07-31,0.021372962301966947,139.03
2018-08-01,-0.024463813766818724,135.67
2018-08-02,0.0007367285488647906,135.77
2018-08-03,0.00521537625125078,136.48
2018-08-06,0.012233860228113017,138.16
2018-08-07,-0.00923450711612204,136.89
2018-08-08,-0.0201445457436305,134.16
2018-08-09,0.007499806015798069,135.17
2018-08-10,0.003987041177455511,135.71
2018-08-13,0.0011783055253035558,135.87
2018-08-14,0.011925606434002443,137.5
2018-08-15,0.01851846978541913,140.07
2018-08-16,0.016146933775849092,142.35
2018-08-17,0.009368973779075,143.69
2018-08-20,0.009695843028343863,145.09
2018-08-21,0.020533732522630174,148.1
2018-08-22,0.001956085616501185,148.39
2018-08-23,-0.005473954790800036,147.58
2018-08-24,0.009777048513917981,149.03
2018-08-27,0.029552976981859238,153.5
2018-08-28,-0.010544397275687942,151.89
2018-08-29,0.007281425958191196,153.0
2018-08-30,-0.009852375650935594,151.5
2018-08-31,0.008806112128091103,152.84
2018-09-03,0.0,152.84
2018-09-04,-0.013968101294212573,150.72
2018-09-05,0.007995947041159251,151.93
2018-09-06,-0.00972311666826616,150.46
2018-09-07,0.032728530622081566,156.41
2018-09-10,-0.009377834760333437,154.95
2018-09-11,0.020820736298259174,158.21
2018-09-12,-0.019788507395865976,155.11
2018-09-13,0.019220104721668383,158.12
2018-09-14,0.0061788713966993295,159.1
2018-09-17,-0.005546352616885787,158.22
2018-09-18,0.010499684881103845,159.89
2018-09-19,-0.014235850589167036,157.63
2018-09-20,0.021961080472932038,161.13
2018-09-21,0.024097313483793976,165.06
2018-09-24,-0.013663927726375272,162.82
2018-09-25,-0.0073358416106958785,161.63
2018-09-26,-0.013830197812235398,159.41
2018-09-27,-0.005472949302341255,158.54
2018-09-28,-0.008487920696354425,157.2
2018-10-01,-0.012933275411899259,155.18
2018-10-02,0.0019311341595594262,155.48
2018-10-03,-0.034627677310067634,135.01
2018-10-04,0.0033274578667058913,135.46
2018-10-05,-0.03355574940321404,130.99
2018-10-08,-0.014920763010572971,129.05
2018-10-09,-0.02352147364138465,126.05
2018-10-10,-0.034627677310067634,121.26
2018-10-11,-0.015122774907628934,119.44
2018-10-12,0.027498428701809706,122.77
2018-10-15,0.0018712481226697466,123.0
2018-10-16,0.029953869823137486,126.74
2018-10-17,-0.0006311991642862316,126.66
2018-10-18,-0.007687473048154141,125.69
2018-10-19,-0.014020834122337122,123.94
2018-10-22,-0.012176837680929434,122.44
2018-10-23,-0.01174773521702528,121.01
2018-10-24,-0.034627677310067634,116.36
2018-10-25,0.024868206928880785,119.29
2018-10-26,-0.006813156933246282,118.48
2018-10-29,0.006477972555238443,119.25
2018-10-30,0.032728530622081566,124.44
2018-10-31,0.009596803023033604,125.64
2018-11-01,0.032728530622081566,131.51
2018-11-02,-0.003809245973959465,131.01
2018-11-05,-0.004436828181465748,130.43
2018-11-06,0.016952491082581858,132.66
2018-11-07,-0.02511270081507533,129.37
2018-11-08,-0.015737182427399996,127.35
2018-11-09,-0.0032241921257959946,126.94
2018-11-12,-0.016842034180170166,124.82
2018-11-13,-0.0021653426632300132,124.55
2018-11-14,-0.0038614457948858306,124.07
2018-11-15,-0.0008063249926410868,123.97
2018-11-16,0.015527817025993818,125.91
2018-11-19,-0.01706172699760723,123.78
2018-11-20,-0.021724272474159714,121.12
2018-11-21,0.022208554260803252,123.84
2018-11-22,0.0,123.84
2018-11-23,-0.009573681794331186,122.66
2018-11-26,0.032728530622081566,126.82
2018-11-27,-0.0014991231237663958,126.63
2018-11-28,0.015281638697108768,128.58
2018-11-29,0.003726049647241063,129.06
2018-11-30,0.007410474483593779,130.02
2018-12-03,-0.008573648914757712,128.91
2018-12-04,-0.034627677310067634,120.0
2018-12-05,0.0,120.0
2018-12-06,0.0036602929470082434,120.44
2018-12-07,-0.021314549675017645,117.9
2018-12-10,-0.013320322902999508,116.34
2018-12-11,-0.005429714254999669,115.71
2018-12-12,0.007404518764366268,116.57
2018-12-13,0.0015428092575133494,116.75
2018-12-14,0.013610949339045232,118.35
2018-12-17,-0.02204113087688028,115.77
2018-12-18,0.010141401706880642,116.95
2018-12-19,-0.034627677310067634,110.89
2018-12-20,-0.015815406834978882,109.15
2018-12-21,-0.025141413286339107,106.44
2018-12-24,-0.006031150881911957,105.8
2018-12-26,0.032728530622081566,110.74
2018-12-27,0.022942789860218346,113.31
2018-12-28,0.00686041345663912,114.09
2018-12-31,0.007509731249016383,114.95
2019-01-02,0.002433037761699804,115.23
2019-01-03,-0.033354115339402954,111.45
2019-01-04,0.032728530622081566,116.67
2019-01-07,0.014803879840001422,118.41
2019-01-08,0.01782813023960057,120.54
2019-01-09,-0.028611431139293438,117.14
2019-01-10,0.032728530622081566,122.05
2019-01-11,-0.0026254434624894763,121.73
2019-01-14,-0.0017264895257009967,121.52
2019-01-15,-0.020114956065732336,119.1
2019-01-16,-0.014887267494655207,117.34
2019-01-17,0.008401607447473142,118.33
2019-01-18,0.018753057082169525,120.57
2019-01-21,0.0,120.57
2019-01-22,-0.034627677310067634,116.14
2019-01-23,-0.00509294706600938,115.55
2019-01-24,0.015457908542078581,117.35
2019-01-25,0.012196321578117023,118.79
2019-01-28,-0.0010105103936939833,118.67
2019-01-29,0.0008426448750661258,118.77
2019-01-30,-0.002359782096961482,118.49
2019-01-31,0.020218227197085492,120.91
2019-02-01,0.00856422213332581,121.95
2019-02-04,0.0009835161893538683,122.07
2019-02-05,0.023958684794657802,125.03
2019-02-06,0.014136605669552962,126.81
2019-02-07,-0.0180631610451767,124.54
2019-02-08,0.00815664395027187,125.56
2019-02-11,0.010931037921559278,126.94
2019-02-12,0.032728530622081566,133.79
2019-02-13,-0.013090305417616691,132.05
2019-02-14,-0.016492252637544814,129.89
2019-02-15,0.009196581508955312,131.09
2019-02-18,0.0,131.09
2019-02-19,-0.010197821476446,129.76
2019-02-20,-0.009213312517917906,128.57
2019-02-21,-0.0029603775969126956,128.19
2019-02-22,0.01885511972909595,130.63
2019-02-25,0.007625849159441226,131.63
2019-02-26,0.0024280498996620296,131.95
2019-02-27,-0.0062333872546618384,131.13
2019-02-28,-0.007731813583472528,130.12
2019-03-01,0.01646372603066503,132.28
2019-03-04,0.0016616187466374998,132.5
2019-03-05,-0.019818087415686688,129.9
2019-03-06,0.01285008290149838,131.58
2019-03-07,0.005910498539710719,132.36
2019-03-08,-0.026410712679425026,128.91
2019-03-11,0.011875209757800775,130.45
2019-03-12,0.003978076949208345,130.97
2019-03-13,0.010330456616016935,132.33
2019-03-14,-0.007128346399464609,131.39
2019-03-15,-0.0048829019859451,130.75
2019-03-18,-7.600288814629866e-05,130.74
2019-03-19,-0.017125813161985796,128.52
2019-03-20,-0.034627677310067634,123.02
2019-03-21,0.0012182576227440852,123.17
2019-03-22,-0.034627677310067634,118.95
2019-03-25,-0.003958825820512505,118.48
2019-03-26,0.0027811290728559203,118.81
2019-03-27,0.003361344347000027,119.21
2019-03-28,0.0022624387542519346,119.48
2019-03-29,0.0044261899528801425,120.01
2019-04-01,0.02996066323217194,123.66
2019-04-02,0.0018582723419642102,123.89
2019-04-03,0.032728530622081566,134.79
2019-04-04,0.015167391365299869,136.85
2019-04-05,0.015516986454045993,138.99
2019-04-08,0.005667907024849463,139.78
2019-04-09,-0.0021483059576473795,139.48
2019-04-10,0.002720296635784932,139.86
2019-04-11,0.007266534672025473,140.88
2019-04-12,0.014935902015977612,143.0
2019-04-15,0.00953440278292086,144.37
2019-04-16,-0.018244421928963393,141.76
2019-04-17,-0.00374600753339841,141.23
2019-04-18,0.008531503010631464,142.44
2019-04-19,0.0,142.44
2019-04-22,0.010753968246158043,143.98
2019-04-23,0.01612134989762688,146.32
2019-04-24,-0.0011626756454507195,146.15
2019-04-25,-0.005075860411038346,145.41
2019-04-26,0.0026784098557453627,145.8
2019-04-29,0.0008226615211993223,145.92
2019-04-30,0.002806059330461505,146.33
2019-05-01,-0.013762267058994058,144.33
2019-05-02,0.0013850403885787266,144.53
2019-05-03,0.004004969392881501,145.11
2019-05-06,0.0026843937888848517,145.5
2019-05-07,-0.011752794314876877,143.8
2019-05-08,0.005824007496202063,144.64
2019-05-09,-0.01000589239668202,143.2
2019-05-10,0.0024410182892125013,143.55
2019-05-13,-0.034627677310067634,138.0
2019-05-14,-0.004357480041460083,137.4
2019-05-15,-0.004814571471218955,136.74
2019-05-16,0.009172800932334637,138.0
2019-05-17,-0.021534205612970894,135.06
2019-05-20,-0.00200100066716704,134.79
2019-05-21,0.017430207489331433,137.16
2019-05-22,0.012534118709460952,138.89
2019-05-23,-0.018897437104463413,136.29
2019-05-24,-0.0057394391152084485,135.51
2019-05-27,0.0,135.51
2019-05-28,-0.0025863417001480023,135.16
2019-05-29,-0.025097319473155383,131.81
2019-05-30,0.009588879398847089,133.08
2019-05-31,-0.034627677310067634,123.67
2019-06-03,0.018268117204228083,125.95
2019-06-04,0.032728530622081566,131.88
2019-06-05,0.010709448590970188,133.3
2019-06-06,-0.016031825713036373,131.18
2019-06-07,-0.0038192841894459715,130.68
2019-06-10,0.025311932967032068,134.03
2019-06-11,-0.003437902821525344,133.57
2019-06-12,0.0004488992296627143,133.63
2019-06-13,0.013970950191154604,135.51
2019-06-14,-0.014944109033655124,133.5
2019-06-17,-0.012739807829017586,131.81
2019-06-18,0.02020254731750663,134.5
2019-06-19,-0.014755326376739769,132.53
2019-06-20,0.01252226810996871,134.2
2019-06-21,-0.00022402509174710615,134.17
2019-06-24,0.009125238082478566,135.4
2019-06-25,-0.013158190537781621,133.63
2019-06-26,0.006786916688974104,134.54
2019-06-27,-0.0021573253538590305,134.25
2019-06-28,0.02689798384854419,137.91
2019-07-01,0.02230048544157735,141.02
2019-07-02,-0.034627677310067634,129.95
2019-07-03,0.032728530622081566,135.17
2019-07-04,0.0,135.17
2019-07-05,-0.03370467450553922,130.69
2019-07-08,0.005950262026496627,131.47
2019-07-09,-0.01139770779800949,129.98
2019-07-10,-0.01574124588231191,127.95
2019-07-11,0.00046889005387519783,128.01
2019-07-12,0.020336798326918235,130.64
2019-07-15,0.02008200003268836,133.29
2019-07-16,-0.0027046542821271883,132.93
2019-07-17,-0.013404439423685719,131.16
2019-07-18,-0.0025953650480608245,130.82
2019-07-19,0.0029007886415261352,131.2
2019-07-22,-0.0009914913651553666,131.07
2019-07-23,0.02039068964773398,133.77
2019-07-24,0.010411610585925777,135.17
2019-07-25,-0.009291028240907526,133.92
2019-07-26,0.011728946198512759,135.5
2019-07-29,-0.004734188607596476,134.86
2019-07-30,0.011647899069563018,136.44
2019-07-31,-0.016404826365284463,134.22
2019-08-01,-0.024511978905617838,130.97
2019-08-02,-0.0016042861791806058,130.76
2019-08-05,-0.024776416101787723,127.56
2019-08-06,0.025618037910774803,130.87
2019-08-07,-0.004211857431735907,130.32
2019-08-08,0.015683370481563097,132.38
2019-08-09,-0.02346414246887475,129.31
2019-08-12,-0.025613236234302846,126.04
2019-08-13,0.018083503390269894,128.34
2019-08-14,-0.034627677310067634,123.55
2019-08-15,-0.015497467808535956,121.65
2019-08-16,0.019053327032997152,123.99
2019-08-19,0.00811300043053417,125.0
2019-08-20,-0.011991612852378156,123.51
2019-08-21,0.009669103193564737,124.71
2019-08-22,0.006713414519137186,125.55
2019-08-23,-0.032214355102972755,121.57
2019-08-26,-0.00503063243943976,120.96
2019-08-27,-0.002069139192816062,120.71
2019-08-28,0.002399119809223495,121.0
2019-08-29,0.032728530622081566,125.22
2019-08-30,0.0015158505178627503,125.41
2019-09-02,0.0,125.41
2019-09-03,-0.03431094581085309,121.18
2019-09-04,0.027831097025807355,124.6
2019-09-05,0.001203275773254363,124.75
2019-09-06,0.00869905328230129,125.84
2019-09-09,0.026040971438556153,129.16
2019-09-10,0.032728530622081566,134.22
2019-09-11,0.032728530622081566,138.99
2019-09-12,-0.016174098376803458,136.76
2019-09-13,0.017396794423247236,139.16
2019-09-16,-0.0052598085723517835,138.43
2019-09-17,-0.02375799947730321,135.18
2019-09-18,-0.007871902283028448,134.12
2019-09-19,0.0055764228127730036,134.87
2019-09-20,0.005176578368814539,135.57
2019-09-23,0.011732899548977396,137.17
2019-09-24,-0.034627677310067634,130.61
2019-09-25,-0.0031439369946913045,130.2
2019-09-26,0.0035267736163992845,130.66
2019-09-27,0.012397828335695877,132.29
2019-09-30,0.018721651095008254,134.79
2019-10-01,-0.034627677310067634,129.46
2019-10-02,-0.034627677310067634,114.97
2019-10-03,0.032728530622081566,120.13
2019-10-04,0.008455154227539561,121.15
2019-10-07,-0.013964045037995084,119.47
2019-10-08,-0.019781367522170332,117.13
2019-10-09,0.012640767785714413,118.62
2019-10-10,0.011816904551771675,120.03
2019-10-11,0.016443068725035967,122.02
2019-10-14,0.00016398655347018683,122.04
2019-10-15,0.022123461487622495,124.77
2019-10-16,-0.012175825430164522,123.26
2019-10-17,-0.0004871186230145173,123.2
2019-10-18,-0.002194405948535754,122.93
2019-10-21,0.007536528886657352,123.86
2019-10-22,0.012915238099227868,125.47
2019-10-23,0.014322935287184688,127.28
2019-10-24,-0.023772336174640373,124.29
2019-10-25,0.00489599503223075,124.9
2019-10-28,0.020995053328495092,127.55
2019-10-29,0.0033653309162483495,127.98
2019-10-30,0.005066145386847668,128.63
2019-10-31,-0.030307672574950394,124.79
2019-11-01,0.00957006053977454,125.99
2019-11-04,0.032728530622081566,130.82
2019-11-05,0.0076149326651641066,131.82
2019-11-06,-0.02146983631710275,129.02
2019-11-07,-0.006844369349346573,128.14
2019-11-08,-0.00046810954617976534,128.08
2019-11-11,-0.0076804190533507994,127.1
2019-11-12,-0.008295311154124244,126.05
2019-11-13,-0.007645149825697875,125.09
2019-11-14,0.013814143833371003,126.83
2019-11-15,0.012146926470593703,128.38
2019-11-18,0.0015567875771397954,128.58
2019-11-19,-0.0045212052626916665,128.0
2019-11-20,-0.0041495976840485215,127.47
2019-11-21,-0.005269861359537445,126.8
2019-11-22,0.004013933380062985,127.31
2019-11-25,0.01682368484582223,129.47
2019-11-26,0.020791354031042996,132.19
2019-11-27,0.007686383919561042,133.21
2019-11-28,0.0,133.21
2019-11-29,-0.018410436843187553,130.78
2019-12-02,-0.0008413538388995668,130.67
2019-12-03,-0.01923990565370547,128.18
2019-12-04,0.008931990738656565,129.33
2019-12-05,0.030910315720086824,133.39
2019-12-06,0.0030692849222947035,133.8
2019-12-09,-0.005921497512199282,133.01
2019-12-10,0.0039013797115162842,133.53
2019-12-11,-0.015015165501244713,131.54
2019-12-12,0.012015523606513851,133.13
2019-12-13,-0.017656970864202322,130.8
2019-12-16,0.011477876432418604,132.31
2019-12-17,0.032728530622081566,137.03
2019-12-18,0.008212187493448497,138.16
2019-12-19,-0.012234537668342522,136.48
2019-12-20,0.0,136.48
2019-12-23,0.004240994257254614,137.06
2019-12-24,-0.003727940142028035,136.55
2019-12-26,0.009692871970899974,137.88
2019-12-27,-0.001160673320751797,137.72
2019-12-30,0.0008706208996150526,137.84
2019-12-31,0.0011603265606915934,138.0
2020-01-02,0.011599465332589303,139.61
2020-01-03,0.00014298977647463537,139.63
2020-01-06,-0.003155974853758227,139.19
2020-01-07,0.008370866333759724,140.36
2020-01-08,0.019473161263500374,143.12
2020-01-09,-0.034627677310067634,123.42
2020-01-10,-0.017820852310084852,121.24
2020-01-13,-0.007783210755127744,120.3
2020-01-14,-0.013726782679467654,118.66
2020-01-15,0.02175757787952844,121.27
2020-01-16,0.009274855246125256,122.4
2020-01-17,0.007164275184018158,123.28
2020-01-20,0.0,123.28
2020-01-21,-0.00536838402234283,122.62
2020-01-22,-0.0046598402109758056,122.05
2020-01-23,0.005963184819271415,122.78
2020-01-24,-0.01056258824447888,121.49
2020-01-27,-0.007518190904799122,120.58
2020-01-28,0.00306430023276854,120.95
2020-01-29,0.00041291473897439135,121.0
2020-01-30,0.004534702676601144,121.55
2020-01-31,-0.03074378405525425,117.87
2020-02-03,0.008616768787082578,118.89
2020-02-04,0.015689277097958084,120.77
2020-02-05,0.014713227656601014,122.56
2020-02-06,-0.01645362148171618,120.56
2020-02-07,-0.02400892136049295,117.7
2020-02-10,0.0064362428800680055,118.46
2020-02-11,0.003371310740321894,118.86
2020-02-12,0.0029406719827583735,119.21
2020-02-13,-0.007831586977014656,118.28
2020-02-14,-0.011735593486605935,116.9
2020-02-17,0.0,116.9
2020-02-18,-0.002484082780474459,116.61
2020-02-19,-0.00395280203862152,116.15
2020-02-20,-0.0025863417001480023,115.85
2020-02-21,-0.0012958392371196703,115.7
2020-02-24,-0.02520704488797891,112.82
2020-02-25,-0.034627677310067634,107.35
2020-02-26,-0.018426734271250064,105.39
2020-02-27,-0.034627677310067634,99.75
2020-02-28,0.03070183804753273,102.86
2020-03-02,-0.0026284513536920236,102.59
2020-03-03,-0.02747192129313421,99.81
2020-03-04,0.032728530622081566,104.67
2020-03-05,-0.034627677310067634,100.51
2020-03-06,0.02495696788933271,103.05
2020-03-09,-0.034627677310067634,98.65
2020-03-10,0.032728530622081566,103.38
2020-03-11,-0.034627677310067634,97.43
2020-03-12,-0.034627677310067634,88.01
2020-03-13,0.032728530622081566,95.68
2020-03-16,-0.034627677310067634,84.32
2020-03-17,0.032728530622081566,89.64
2020-03-18,-0.034627677310067634,73.54
2020-03-19,0.032728530622081566,77.55
2020-03-20,-0.013240266762321368,76.53
2020-03-23,-0.034627677310067634,71.08
2020-03-24,0.032728530622081566,84.03
2020-03-25,-0.034627677310067634,81.17
2020-03-26,0.032728530622081566,85.64
2020-03-27,-0.033483363266575306,82.82
2020-03-30,0.032728530622081566,85.76
2020-03-31,-0.0011666803068766287,85.66
2020-04-01,-0.034627677310067634,80.72
2020-04-02,-0.034627677310067634,76.74
2020-04-03,-0.02173551411893508,75.09
2020-04-06,0.032728530622081566,83.42
2020-04-07,0.032728530622081566,86.57
2020-04-08,0.032728530622081566,89.67
2020-04-09,0.027172462049690323,92.14
2020-04-10,0.0,92.14
2020-04-13,-0.034627677310067634,87.99
2020-04-14,0.013209370844047323,89.16
2020-04-15,-0.034627677310067634,83.6
2020-04-16,-0.030237582560790243,81.11
2020-04-17,0.032728530622081566,86.36
2020-04-20,-0.034627677310067634,82.63
2020-04-21,-0.006556446599245618,82.09
2020-04-22,-0.0008533640115159291,82.02
2020-04-23,0.006683614803026969,82.57
2020-04-24,0.00928179059824063,83.34
2020-04-27,0.025470846273333507,85.49
2020-04-28,-0.00046810954617976534,85.45
2020-04-29,0.032728530622081566,89.69
2020-04-30,-0.034627677310067634,86.59
2020-05-01,-0.034627677310067634,82.34
2020-05-04,-0.0021883927857223864,82.16
2020-05-05,0.018570495985039768,83.7
2020-05-06,-0.011173188238580961,82.77
2020-05-07,0.022104877045050094,84.62
2020-05-08,0.01594421278713612,85.98
2020-05-11,-0.034627677310067634,80.87
2020-05-12,-0.0303818908860849,78.45
2020-05-13,-0.034627677310067634,74.49
2020-05-14,0.023352202446824354,76.25
2020-05-15,0.014193789879627732,77.34
2020-05-18,0.032728530622081566,84.97
2020-05-19,-0.034627677310067634,80.54
2020-05-20,0.032728530622081566,84.25
2020-05-21,0.0007117466482505437,84.31
2020-05-22,0.005559517205232368,84.78
2020-05-25,0.0,84.78
2020-05-26,0.032728530622081566,89.95
2020-05-27,0.032728530622081566,94.31
2020-05-28,-0.034627677310067634,88.86
2020-05-29,-0.03097170992567249,86.15
2020-06-01,0.032728530622081566,92.08
2020-06-02,0.012947814106211836,93.28
2020-06-03,0.032728530622081566,96.64
2020-06-04,0.031674039277663775,99.75
2020-06-05,0.032728530622081566,108.11
2020-06-08,0.032728530622081566,114.83
2020-06-09,-0.034627677310067634,110.57
2020-06-10,-0.034627677310067634,101.92
2020-06-11,-0.034627677310067634,93.83
2020-06-12,0.032728530622081566,97.7
2020-06-15,0.00010199479835375543,97.71
2020-06-16,-0.016822711658295717,96.08
2020-06-17,-0.005531269304207939,95.55
2020-06-18,-0.034627677310067634,91.55
2020-06-19,-0.011756841611586232,90.48
2020-06-22,-0.012903898342523139,89.32
2020-06-23,0.013456059786331884,90.53
2020-06-24,-0.034627677310067634,85.81
2020-06-25,0.011701272307641087,86.82
2020-06-26,-0.027677512976441356,84.45
2020-06-29,0.032728530622081566,89.33
2020-06-30,0.032728530622081566,95.74
2020-07-01,-0.034627677310067634,92.06
2020-07-02,-0.0284251950170761,89.48
2020-07-03,0.0,89.48
2020-07-06,0.032728530622081566,94.1
2020-07-07,-0.03218027530149985,91.12
2020-07-08,0.009176764401043666,91.96
2020-07-09,-0.03429128278339822,88.86
2020-07-10,0.006282225434058516,89.42
2020-07-13,-0.011472558854556891,88.4
2020-07-14,0.032728530622081566,91.71
2020-07-15,0.032728530622081566,98.0
2020-07-16,0.01106060535936653,99.09
2020-07-17,0.010341343506666623,100.12
2020-07-20,0.0011982817735449707,100.24
2020-07-21,0.004678040884342475,100.71
2020-07-22,0.01390389136179895,102.12
2020-07-23,0.0038117261328839127,102.51
2020-07-24,-0.009802891722850813,101.51
2020-07-27,0.012822440019884033,102.82
2020-07-28,-0.024515053354945623,100.33
2020-07-29,0.023055175160144055,102.67
2020-07-30,-0.016003373609102953,101.04
2020-07-31,-0.019386713800190095,99.1
2020-08-03,0.0017135310667404646,99.27
2020-08-04,0.009125238082478566,100.18
2020-08-05,0.029990747774590855,103.23
2020-08-06,-0.007877949719117207,102.42
2020-08-07,0.027446864933226338,105.27
2020-08-10,0.018261243896473375,107.21
2020-08-11,0.024326691991057567,109.85
2020-08-12,-0.011444236174258464,108.6
2020-08-13,-0.001566225891680636,108.43
2020-08-14,0.005610233170479733,109.04
2020-08-17,0.014928020584236673,110.68
2020-08-18,0.003787817154363971,111.1
2020-08-19,-0.002613411988152454,110.81
2020-08-20,-0.014178035013736372,109.25
2020-08-21,-0.003760060174592512,108.84
2020-08-24,0.022350359460793123,111.3
2020-08-25,-0.010295820527853215,110.16
2020-08-26,0.007866974052884716,111.03
2020-08-27,-0.004332371181998521,110.55
2020-08-28,0.0035217912067963446,110.94
2020-08-31,-0.014984712111171002,109.29
2020-09-01,-0.0030235663734034593,108.96
2020-09-02,0.01773775180933381,110.91
2020-09-03,-0.026310095010056,108.03
2020-09-04,0.0028658894130448157,108.34
2020-09-07,0.0,108.34
2020-09-08,-0.028746242457679583,105.27
2020-09-09,0.008795208510617667,106.2
2020-09-10,-0.016998662083446147,104.41
2020-09-11,0.0002869588233781981,104.44
2020-09-14,0.000669775650203931,104.51
2020-09-15,0.005629126696017124,105.1
2020-09-16,0.016794184899411684,106.88
2020-09-17,-0.005911438172152194,106.25
2020-09-18,-0.02284701675060918,103.85
2020-09-21,-0.034627677310067634,99.09
2020-09-22,0.015620364402440245,100.65
2020-09-23,-0.02596724959507801,98.07
2020-09-24,-0.004292198318160116,97.65
2020-09-25,-0.004412721751576713,97.22
2020-09-28,0.032728530622081566,101.55
2020-09-29,-0.005530263758118566,100.99
2020-09-30,0.013377125945676006,102.35
2020-10-01,0.0028289946185472855,102.64
2020-10-02,0.028525258610547846,105.61
2020-10-05,0.032728530622081566,109.99
2020-10-06,-0.002731727773120137,109.69
2020-10-07,0.03202759691874865,113.26
2020-10-08,-0.034627677310067634,101.54
2020-10-09,-0.019090061231689492,99.62
2020-10-12,-0.02151070523108861,97.5
2020-10-13,-0.006173013905854529,96.9
2020-10-14,-0.0006191916595956438,96.84
2020-10-15,-0.013933623640798833,95.5
2020-10-16,-0.013069028940433089,94.26
2020-10-19,-0.007667318909299483,93.54
2020-10-20,-0.0018186527468307195,93.37
2020-10-21,-0.004939177680587991,92.91
2020-10-22,0.02592307477338493,95.35
2020-10-23,-0.0069460681728996864,94.69
2020-10-26,-0.034627677310067634,91.28
2020-10-27,0.005135789228270937,91.75
2020-10-28,-0.019925194807270192,89.94
2020-10-29,-0.0016693926608543253,89.79
2020-10-30,-0.00726532869975266,89.14
2020-11-02,0.032728530622081566,92.57
2020-11-03,0.024963795329203592,94.91
2020-11-04,-0.034627677310067634,91.53
2020-11-05,0.032728530622081566,95.1
2020-11-06,0.002416078929264976,95.33
2020-11-09,0.032728530622081566,103.65
2020-11-10,0.01882764234886624,105.62
2020-11-11,-0.02910754407382839,102.59
2020-11-12,-0.02078144618312583,100.48
2020-11-13,0.032728530622081566,104.26
2020-11-16,0.032728530622081566,107.99
2020-11-17,-0.00027803864916314466,107.96
2020-11-18,0.016626018585481434,109.77
2020-11-19,0.023143120063695788,112.34
2020-11-20,-0.022323321578319934,109.86
2020-11-23,0.032728530622081566,114.65
2020-11-24,0.032728530622081566,122.21
2020-11-25,-0.005990909716602822,121.48
2020-11-26,0.0,121.48
2020-11-27,-0.0028029245253750282,121.14
2020-11-30,-0.02017923820516614,118.72
2020-12-01,0.005795175485907975,119.41
2020-12-02,-0.004112444520126041,118.92
2020-12-03,0.013032704168696525,120.48
2020-12-04,0.020293683179090357,122.95
2020-12-07,-0.034627677310067634,118.48
2020-12-08,0.0031181335647856544,118.85
2020-12-09,-0.015688422256323352,117.0
2020-12-10,-0.01698137078559657,115.03
2020-12-11,0.008741679936754785,116.04
2020-12-14,-0.0317817311182219,112.41
2020-12-15,0.026424770075619414,115.42
2020-12-16,-0.017568424985929598,113.41
2020-12-17,0.008429372802459865,114.37
2020-12-18,0.019481987661491687,116.62
2020-12-21,-0.007142446652262302,115.79
2020-12-22,-0.007542372313730116,114.92
2020-12-23,0.029494722518579805,118.36
2020-12-24,0.004972616026520272,118.95
2020-12-28,0.006619045704880661,119.74
2020-12-29,-0.012606124352805037,118.24
2020-12-30,0.019181846416300517,120.53
2020-12-31,0.004635240654409109,121.09
2021-01-04,-0.007210936422636788,120.22
2021-01-05,0.006797842225976756,121.04
2021-01-06,0.032728530622081566,128.3
2021-01-07,-0.034627677310067634,121.26
2021-01-08,-0.034627677310067634,115.99
2021-01-11,0.002152681318075402,116.24
2021-01-12,0.021447352425342,118.76
2021-01-13,-0.015785944976146746,116.9
2021-01-14,0.010128532796040913,118.09
2021-01-15,-0.0009314336496728041,117.98
2021-01-18,0.0,117.98
2021-01-19,-0.005183410692154787,117.37
2021-01-20,0.010003794770482046,118.55
2021-01-21,0.030815294078351704,122.26
2021-01-22,0.0051397687298581594,122.89
2021-01-25,0.010603582784191101,124.2
2021-01-26,-0.010440310873775019,122.91
2021-01-27,0.032728530622081566,131.02
2021-01-28,-0.034627677310067634,124.08
2021-01-29,-0.03143700496051726,120.24
2021-02-01,0.032728530622081566,125.18
2021-02-02,-0.034627677310067634,119.7
2021-02-03,-0.011848922037325899,118.29
2021-02-04,0.006572354682711419,119.07
2021-02-05,0.01682270152829559,121.09
2021-02-08,0.030659167491373807,124.86
2021-02-09,-0.007638096129435066,123.91
2021-02-10,-0.011036680717562966,122.55
2021-02-11,0.018193490191964472,124.8
2021-02-12,0.006469030628581134,125.61
2021-02-15,0.0,125.61
2021-02-16,-0.015241564774079178,123.71
2021-02-17,-0.013017359380428398,122.11
2021-02-18,-0.013770377951111135,120.44
2021-02-19,0.010982471280257899,121.77
2021-02-22,0.0057325375643927715,122.47
2021-02-23,0.03126898952271406,126.36
2021-02-24,0.01070549119236626,127.72
2021-02-25,-0.03206152143217842,123.69
2021-02-26,-0.003157981177691211,123.3
2021-03-01,0.031061556036389857,127.19
2021-03-02,-0.0064678716592526135,126.37
2021-03-03,-0.007626004194453241,125.41
2021-03-04,-0.025684028881130954,122.23
2021-03-05,0.0320430924763663,126.21
2021-03-08,0.032728530622081566,131.38
2021-03-09,-0.004271108210675059,130.82
2021-03-10,0.02677532029698845,134.37
2021-03-11,0.004751692805397151,135.01
2021-03-12,0.032728530622081566,140.83
2021-03-15,0.032728530622081566,146.85
2021-03-16,-0.021892910416563216,143.67
2021-03-17,-0.0006962423204432393,143.57
2021-03-18,-0.034627677310067634,137.41
2021-03-19,-0.007303606520177928,136.41
2021-03-22,-0.00876227686887008,135.22
2021-03-23,-0.034627677310067634,130.5
2021-03-24,0.008165570799208465,131.57
2021-03-25,0.032728530622081566,137.08
2021-03-26,0.032728530622081566,145.64
2021-03-29,-0.009104318822287934,144.32
2021-03-30,0.0088982925063238,145.61
2021-03-31,0.032728530622081566,165.0
2021-04-01,0.023360994673323816,168.9
2021-04-02,0.0,168.9
2021-04-05,0.015859569533792587,171.6
2021-04-06,-0.014203392310730955,169.18
2021-04-07,-0.01302951668377658,166.99
2021-04-08,0.001615694063110409,167.26
2021-04-09,0.017307359841390056,170.18
2021-04-12,0.01481471813801431,172.72
2021-04-13,-0.015696548786396647,170.03
2021-04-14,0.0012931635035397587,170.25
2021-04-15,0.00035193806253414035,170.31
2021-04-16,0.005737508971345725,171.29
2021-04-19,0.01448951808784636,173.79
2021-04-20,-0.0114583974141359,171.81
2021-04-21,-0.001106612069340798,171.62
2021-04-22,-0.00924863709782402,170.04
2021-04-23,0.032728530622081566,178.14
2021-04-26,0.02017216685116424,181.77
2021-04-27,0.024616512133829708,186.3
2021-04-28,0.008232023725517323,187.84
2021-04-29,0.02039362909079768,191.71
2021-04-30,-0.03282075663476961,185.52
2021-05-03,0.0117892330949765,187.72
2021-05-04,-0.0019198417173193047,187.36
2021-05-05,0.01214791439665526,189.65
2021-05-06,0.004366453153201512,190.48
2021-05-07,0.0060715308966280725,191.64
2021-05-10,-0.018060106367982283,188.21
2021-05-11,-0.00570122111975779,187.14
2021-05-12,-0.034627677310067634,180.72
2021-05-13,0.03040892622062688,186.3
2021-05-14,-0.006137797802231019,185.16
2021-05-17,-0.02167419759176139,181.19
2021-05-18,-0.023509188113429277,176.98
2021-05-19,-0.007599805503580202,175.64
2021-05-20,0.00011399350249375326,175.66
2021-05-21,0.009179736992266275,177.28
2021-05-24,0.013670136463101135,179.72
2021-05-25,-0.019496834055698794,176.25
2021-05-26,0.018940491057628656,179.62
2021-05-27,0.029890785963801354,185.07
2021-05-28,0.0036672673474712407,185.75
2021-05-31,0.0,185.75
2021-06-01,-0.002641485653452067,185.26
2021-06-02,-0.005901378933294523,184.17
2021-06-03,0.005739497527206802,185.23
2021-06-04,0.017977433230652713,188.59
2021-06-07,-0.008199524409625713,187.05
2021-06-08,0.00798701867788202,188.55
2021-06-09,-0.010128116656127424,186.65
2021-06-10,-0.004564401047593324,185.8
2021-06-11,0.012887597018657375,188.21
2021-06-14,-0.01046860513408413,186.25
2021-06-15,0.019091590255520513,189.84
2021-06-16,-0.015714833720525755,186.88
2021-06-17,-0.02651544794573322,181.99
2021-06-18,-0.0192511194046186,178.52
2021-06-21,0.032728530622081566,185.16
2021-06-22,0.004741740160083406,186.04
2021-06-23,0.027776632595929433,191.28
2021-06-24,0.0018802312568353369,191.64
2021-06-25,0.007641727483841698,193.11
2021-06-28,-0.017552141539985792,189.75
2021-06-29,-0.007351959545626126,188.36
2021-06-30,-0.007086046833935281,187.03
2021-07-01,-0.034627677310067634,176.26
2021-07-02,0.013915725599629914,178.73
2021-07-05,0.0,178.73
2021-07-06,-0.034627677310067634,170.01
2021-07-07,0.009017222375502492,171.55
2021-07-08,-0.012376271068055405,169.44
2021-07-09,0.024196879979164927,173.59
2021-07-12,0.007003418712326111,174.81
2021-07-13,-0.032795956175133124,169.17
2021-07-14,-0.013569652703763063,166.89
2021-07-15,0.005080074543158853,167.74
2021-07-16,-0.012840082165505872,165.6
2021-07-19,-0.023151950020679796,161.81
2021-07-20,0.032728530622081566,168.12
2021-07-21,0.012355357249363045,170.21
2021-07-22,-0.01903909885821804,167.0
2021-07-23,0.0002989553084083512,167.05
2021-07-26,0.02389619797545083,171.09
2021-07-27,-0.012882625831013718,168.9
2021-07-28,0.001952093425227418,169.23
2021-07-29,0.019312311032372884,172.53
2021-07-30,0.0163840455003637,175.38
2021-08-02,-0.013779502783378963,172.98
2021-08-03,0.017933234010025036,176.11
2021-08-04,-0.013261546883193306,173.79
2021-08-05,0.013544852910250637,176.16
2021-08-06,0.015881223141038302,178.98
2021-08-09,-0.026438435652992944,174.31
2021-08-10,0.027555826750972817,179.18
2021-08-11,0.01912592779847648,182.64
2021-08-12,-0.00494018263248851,181.74
2021-08-13,0.0015947277454988339,182.03
2021-08-16,0.00629812510712184,183.18
2021-08-17,-0.010426164043826795,181.28
2021-08-18,-0.012656759930588046,179.0
2021-08-19,-0.007908187448145086,177.59
2021-08-20,0.019682031789539707,181.12
2021-08-23,0.015993420687572764,184.04
2021-08-24,0.009248104151681895,185.75
2021-08-25,0.007241715368960215,187.1
2021-08-26,-0.009343515003152465,185.36
2021-08-27,0.01430124791071566,188.03
2021-08-30,-0.013276747246786283,185.55
2021-08-31,-0.0055121641014081535,184.53
2021-09-01,-0.019425458433298542,180.98
2021-09-02,-0.006374272578266858,179.83
2021-09-03,-0.014620358477076899,177.22
2021-09-06,0.0,177.22
2021-09-07,-0.01977422769945212,173.75
2021-09-08,-0.007220001596705856,172.5
2021-09-09,0.0022584477858136123,172.89
2021-09-10,5.799831806492598e-05,172.9
2021-09-13,-0.001099604343322744,172.71
2021-09-14,-0.02082841323472674,169.15
2021-09-15,0.010877623556643378,171.0
2021-09-16,0.009023168497689325,172.55
2021-09-17,-0.016419058028295148,169.74
2021-09-20,0.00041191515130438737,169.81
2021-09-21,0.0011183743861645189,170.0
2021-09-22,0.020610144303796606,173.54
2021-09-23,0.032094419796021435,179.2
2021-09-24,0.007450178371999345,180.54
2021-09-27,-0.004830648819341131,179.67
2021-09-28,-0.022457287791423274,175.68
2021-09-29,0.003012457988705636,176.21
2021-09-30,-0.016248291438363458,173.37
2021-10-01,0.002420069268653437,173.79
2021-10-04,0.0010354637223571697,173.97
2021-10-05,0.013474805657924192,176.33
2021-10-06,0.032728530622081566,195.55
2021-10-07,0.018694170047114773,199.24
2021-10-08,0.01785759970089132,202.83
2021-10-11,0.01463340751793766,205.82
2021-10-12,0.00624843778940186,207.11
2021-10-13,-0.004160643485464298,206.25
2021-10-14,0.012096540947233036,208.76
2021-10-15,-0.004946212365099985,207.73
2021-10-18,0.01405378136057097,210.67
2021-10-19,-0.009586806935994603,208.66
2021-10-20,-0.015747341095639265,205.4
2021-10-21,-0.0018517133634744023,205.02
2021-10-22,-0.0018066309754025064,204.65
2021-10-25,0.011514453509963678,207.02
2021-10-26,-0.005668032992857365,205.85
2021-10-27,-0.012317550508046872,203.33
2021-10-28,0.02289978692623888,208.04
2021-10-29,-0.012625365570329105,205.43
2021-11-01,0.010363116932399283,207.57
2021-11-02,0.006578315360122507,208.94
2021-11-03,0.015340727023340741,212.17
2021-11-04,-0.011042747322822188,209.84
2021-11-05,0.02758987488433584,215.71
2021-11-08,0.011064561352894424,218.11
2021-11-09,0.02767255838216738,224.23
2021-11-10,-0.008779426629152204,222.27
2021-11-11,-0.0018917883036177526,221.85
2021-11-12,-0.0019398803518072868,221.42
2021-11-15,-0.00389156231570713,220.56
2021-11-16,-0.007098132241510775,219.0
2021-11-17,-0.001233760769917209,218.73
2021-11-18,-0.005638868578469251,217.5
2021-11-19,-0.007336848974018112,215.91
2021-11-22,-0.004595543352357452,214.92
2021-11-23,0.0026026102698142113,215.48
2021-11-24,-0.0025552619027657247,214.93
2021-11-25,0.0,214.93
2021-11-26,-0.022919660199711093,210.06
2021-11-29,-0.011539322632197629,207.65
2021-11-30,-0.030809784393530007,201.35
2021-12-01,-0.021587338946997978,197.05
2021-12-02,0.011654817983352756,199.36
2021-12-03,-0.015875349158290194,196.22
2021-12-06,0.010544213875671097,198.3
2021-12-07,0.012578557206834862,200.81
2021-12-08,0.005660946563748628,201.95
2021-12-09,-0.013610200011326068,199.22
2021-12-10,0.005955232351173189,200.41
2021-12-13,-0.005353303393761851,199.34
2021-12-14,0.0005018740401528017,199.44
2021-12-15,0.0039033719219734547,200.22
2021-12-16,-0.011149930084700938,198.0
2021-12-17,0.02749745582512531,203.52
2021-12-20,-0.026285455491346775,198.24
2021-12-21,0.032728530622081566,209.91
2021-12-22,-0.01807436160805611,206.15
2021-12-23,0.013681973467549916,208.99
2021-12-24,0.0,208.99
2021-12-27,0.02783984996107987,214.89
2021-12-28,0.0002329728597156367,214.94
2021-12-29,0.015969801197555797,218.4
2021-12-30,-0.032386837365871925,211.44
2021-12-31,0.0013231242848794256,211.72
2022-01-03,0.006450152965277396,213.09
2022-01-04,0.016799101617581018,216.7
2022-01-05,-0.016939669473779066,213.06
2022-01-06,-0.011186334390929928,210.69
2022-01-07,0.01852730461388356,214.63
2022-01-10,-0.034627677310067634,204.65
2022-01-11,0.01983596007396994,208.75
2022-01-12,-0.004080313167152299,207.9
2022-01-13,-0.00467691975897094,206.93
2022-01-14,-0.001789600379937409,206.56
2022-01-17,0.0,206.56
2022-01-18,0.0035277700953408623,207.29
2022-01-19,-0.014529037148714237,204.3
2022-01-20,-0.020872319212634806,200.08
2022-01-21,-0.022185283568567946,195.69
2022-01-24,0.013248845164526733,198.3
2022-01-25,-0.011717381167388033,195.99
2022-01-26,-0.011030614149107333,193.84
2022-01-27,-0.034627677310067634,186.6
2022-01-28,0.008325248745990029,188.16
2022-01-31,0.01775150557565575,191.53
2022-02-01,0.013174829535352867,194.07
2022-02-02,0.0029326954417653833,194.64
2022-02-03,-0.029140489746417194,189.05
2022-02-04,-0.008125926092070204,187.52
2022-02-07,-0.0054538452137138,186.5
2022-02-08,0.011197078093216177,188.6
2022-02-09,0.016928894234726332,191.82
2022-02-10,-0.021872467939138645,187.67
2022-02-11,-0.02974502958077895,182.17
2022-02-14,0.005146732819529885,183.11
2022-02-15,0.013560637529126425,185.61
2022-02-16,0.003979072978537343,186.35
2022-02-17,-0.03106557685647324,180.65
2022-02-18,0.0012172588397610102,180.87
2022-02-21,0.0,180.87
2022-02-22,-0.0198792902347077,177.31
2022-02-23,-0.03133588030985294,171.84
2022-02-24,0.029698598294863456,177.02
2022-02-25,0.032728530622081566,183.06
2022-02-28,-0.003776120577769219,182.37
2022-03-01,0.002026944359626626,182.74
2022-03-02,0.032728530622081566,189.2
2022-03-03,-0.024125698316639615,184.69
2022-03-04,-0.0014089921634200511,184.43
2022-03-07,-0.01353822967118442,181.95
2022-03-08,0.005645036756445874,182.98
2022-03-09,0.027065405046600374,188.0
2022-03-10,-0.020474172732349773,184.19
2022-03-11,-0.018189429200210334,180.87
2022-03-14,0.0035317560011779428,181.51
2022-03-15,0.015742435075604872,184.39
2022-03-16,0.02659713929090429,189.36
2022-03-17,0.03262593842693485,195.64
2022-03-18,-0.01223959922958113,193.26
2022-03-21,0.004748707022203849,194.18
2022-03-22,-0.010041244985732568,192.24
2022-03-23,-0.019328599665031893,188.56
2022-03-24,0.006765065256860205,189.84
2022-03-25,0.027638513063954658,195.16
2022-03-28,-0.002873123469210619,194.6
2022-03-29,0.00986913943842258,196.53
2022-03-30,-0.012595997544916618,194.07
2022-03-31,-0.02488610630907377,189.3
2022-04-01,0.00956807958663888,191.12
2022-04-04,-0.032167882934371665,185.07
2022-04-05,-0.034627677310067634,170.12
2022-04-06,-0.012480559182798076,168.01
2022-04-07,-0.01487102764836498,165.53
2022-04-08,0.018969927756952536,168.7
2022-04-11,-0.0016613793266661854,168.42
2022-04-12,0.0016616187466374998,168.7
2022-04-13,0.0247072466296349,172.92
2022-04-14,-0.01239449539125018,170.79
2022-04-15,0.0,170.79
2022-04-18,0.007931462626275945,172.15
2022-04-19,0.02795265871438076,177.03
2022-04-20,0.023337548564204526,181.21
2022-04-21,-0.005034652620749947,180.3
2022-04-22,-0.034188834316698315,174.24
2022-04-25,0.01757858732429282,177.33
2022-04-26,-0.006676236554246262,176.15
2022-04-27,-0.014985727209232042,173.53
2022-04-28,0.02515201924209582,177.95
2022-04-29,-0.031221353514326693,172.48
2022-05-02,0.0037619151158720123,173.13
2022-05-03,0.0014429584345597682,173.38
2022-05-04,0.025004758989566053,177.77
2022-05-05,-0.030209754064717678,172.48
2022-05-06,-0.034627677310067634,166.52
2022-05-09,-0.006627916190223403,165.42
2022-05-10,-0.01651868534090034,162.71
2022-05-11,-0.017045451800295628,159.96
2022-05-12,0.03265691076476813,165.27
2022-05-13,0.0038645231021509885,165.91
2022-05-16,-0.0047120844528181875,165.13
2022-05-17,0.032728530622081566,170.64
2022-05-18,-0.023180606248294107,166.73
2022-05-19,0.0008396473974435676,166.87
2022-05-20,-0.015338028465982,164.33
2022-05-23,0.008060427298070917,165.66
2022-05-24,-0.0070880610583884274,164.49
2022-05-25,0.025508864731787196,168.74
2022-05-26,0.032728530622081566,174.96
2022-05-27,0.016439133951772458,177.86
2022-05-30,0.0,177.86
2022-05-31,-0.01609686213345467,175.02
2022-06-01,-0.001143653722684167,174.82
2022-06-02,0.022734599372012495,178.84
2022-06-03,0.007242708152909993,180.14
2022-06-06,0.010601603877359186,182.06
2022-06-07,0.018664725229155257,185.49
2022-06-08,-0.0343306092249502,179.23
2022-06-09,-0.006886658693042385,178.0
2022-06-10,-0.02901283131080089,172.91
2022-06-13,-0.034627677310067634,166.44
2022-06-14,0.004197179506015658,167.14
2022-06-15,0.01106653934378979,169.0
2022-06-16,-0.034627677310067634,158.12
2022-06-17,-0.029392766026319718,153.54
2022-06-20,0.0,153.54
2022-06-21,0.010946863852149071,155.23
2022-06-22,-0.0010955999505038124,155.06
2022-06-23,-0.034627677310067634,146.36
2022-06-24,0.032728530622081566,154.68
2022-06-27,0.01367605498283986,156.81
2022-06-28,-0.015877381164418673,154.34
2022-06-29,0.009030105595554552,155.74
2022-06-30,-0.01097601668908894,154.04
2022-07-01,0.024369633609006885,157.84
2022-07-04,0.0,157.84
2022-07-05,-0.012238586915283832,155.92
2022-07-06,0.0005768335995056964,156.01
2022-07-07,0.011598476864551526,157.83
2022-07-08,-0.008079551851944151,156.56
2022-07-11,0.008902257063185575,157.96
2022-07-12,0.01788215692191878,160.81
2022-07-13,-0.0015562102673064634,160.56
2022-07-14,0.0075077462102534805,161.77
2022-07-15,0.016552252507516754,164.47
2022-07-18,-0.002252535053293755,164.1
2022-07-19,0.032728530622081566,172.38
2022-07-20,0.015256032671418755,175.03
2022-07-21,0.009608688341594849,176.72
2022-07-22,-0.00294733913998387,176.2
2022-07-25,-0.002727716839314574,175.72
2022-07-26,-0.007826547678041683,174.35
2022-07-27,-0.016831864385274547,171.44
2022-07-28,0.032728530622081566,178.07
2022-07-29,0.024025072762058314,182.4
2022-08-01,-0.004340405948432934,181.61
2022-08-02,-0.027125594892972775,176.75
2022-08-03,-0.003854418737200204,176.07
2022-08-04,-0.0036416226662989875,175.43
2022-08-05,0.01997810209565491,178.97
2022-08-08,0.0022883796608682023,179.38
2022-08-09,-0.032810423035173814,173.59
2022-08-10,0.032643360485003076,179.35
2022-08-11,0.012192370059301473,181.55
2022-08-12,0.009265938294157424,183.24
2022-08-15,-0.0004911205799714786,183.15
2022-08-16,0.014472762493325507,185.82
2022-08-17,0.0002149768908123338,185.86
2022-08-18,0.005045251288583905,186.8
2022-08-19,-0.012984940627392713,184.39
2022-08-22,-0.030673663468439995,178.82
2022-08-23,-0.0012307570708617334,178.6
2022-08-24,0.0034649899826648934,179.22
2022-08-25,0.009772097148702766,180.98
2022-08-26,-0.034627677310067634,171.7
2022-08-29,-0.017389321662168354,168.74
2022-08-30,-0.014265266814042955,166.35
2022-08-31,-0.014654859816036673,163.93
2022-09-01,-0.004830648819341131,163.14
2022-09-02,-0.01849803864213636,160.15
2022-09-05,0.0,160.15
2022-09-06,0.0009985013315855025,160.31
2022-09-07,0.02598348637126084,164.53
2022-09-08,0.011962167138857446,166.51
2022-09-09,0.029644235485224688,171.52
2022-09-12,0.010843990826058294,173.39
2022-09-13,-0.034627677310067634,162.96
2022-09-14,-0.002519170447012903,162.55
2022-09-15,-0.019506011291056745,159.41
2022-09-16,-0.028054883694176122,155.0
2022-09-19,0.032728530622081566,163.1
2022-09-20,-0.006335023957875974,162.07
2022-09-21,0.008845760644002826,163.51
2022-09-22,-0.030236551861940436,158.64
2022-09-23,-0.003473023971937295,158.09
2022-09-26,-0.00450111483567899,157.38
2022-09-27,-0.024897383554514405,153.51
2022-09-28,0.02692913410081511,157.7
2022-09-29,-0.022508424666439524,154.19
2022-09-30,0.02104890918770727,157.47
2022-10-03,0.013749047179611791,159.65
2022-10-04,0.032728530622081566,167.5
2022-10-05,0.010984449433533185,169.35
2022-10-06,-0.030030433442056543,164.34
2022-10-07,-0.034627677310067634,157.21
2022-10-10,0.02537335644144576,161.25
2022-10-11,0.03131841825739215,166.38
2022-10-12,0.007365805724767302,167.61
2022-10-13,0.021192836977327805,171.2
2022-10-14,-0.034627677310067634,164.94
2022-10-17,0.032728530622081566,170.9
2022-10-18,0.02382198980587848,175.02
2022-10-19,-0.01874356829718824,171.77
2022-10-20,-0.030621076254854163,166.59
2022-10-21,0.032728530622081566,174.01
2022-10-24,0.021265282584414427,177.75
2022-10-25,0.032728530622081566,184.76
2022-10-26,-0.01593021477310873,181.84
2022-10-27,-0.008505065752098901,180.3
2022-10-28,0.02053079349136429,184.04
2022-10-31,-0.002557267021834655,183.57
2022-11-01,0.010081015382879897,185.43
2022-11-02,-0.028554836383965842,180.21
2022-11-03,-0.014082697330633517,177.69
2022-11-04,0.01657684180478041,180.66
2022-11-07,0.026868779605749744,185.58
2022-11-08,0.014390951735362291,188.27
2022-11-09,-0.0192521388427553,184.68
2022-11-10,0.032728530622081566,196.61
2022-11-11,-0.029629654751524178,190.87
2022-11-14,-0.023429335860529546,186.45
2022-11-15,0.025313882976586956,191.23
2022-11-16,-0.015228365203166647,188.34
2022-11-17,-0.03281455646219817,182.26
2022-11-18,0.021440500934824594,186.21
2022-11-21,0.007063991161710649,187.53
2022-11-22,0.023920607353925743,192.07
2022-11-23,-0.007472852339051733,190.64
2022-11-24,0.0,190.64
2022-11-25,0.0007337307537431251,190.78
2022-11-28,-0.018623342925414628,187.26
2022-11-29,0.0033055307087238596,187.88
2022-11-30,0.002179622895266895,188.29
2022-12-01,0.0022813956368230867,188.72
2022-12-02,0.0014828999601716303,189.0
2022-12-05,-0.034627677310067634,181.11
2022-12-06,-0.00548099323831962,180.12
2022-12-07,0.010658001187519243,182.05
2022-12-08,-0.0179012760106874,178.82
2022-12-09,-0.008479852536540265,177.31
2022-12-12,0.018993476492533724,180.71
2022-12-13,-0.0014400363548290147,180.45
2022-12-14,-0.013108542758369713,178.1
2022-12-15,-0.021280839313419685,174.35
2022-12-16,-0.034627677310067634,166.15
2022-12-19,0.0003009547085883554,166.2
2022-12-20,0.0019840305091747934,166.53
2022-12-21,0.013775678141065048,168.84
2022-12-22,-0.01961818430683366,165.56
2022-12-23,0.004760650101488024,166.35
2022-12-26,0.0,166.35
2022-12-27,0.009691881616456932,167.97
2022-12-28,-0.01687051015610992,165.16
2022-12-29,0.01233560264110625,167.21
2022-12-30,-0.009615077057002729,165.61
2023-01-02,0.0,165.61
2023-01-03,0.015696168106324158,168.23
2023-01-04,0.019776156357592233,171.59
2023-01-05,-0.0224542196620771,167.78
2023-01-06,0.011731911212826343,169.76
2023-01-09,0.028397934520512147,174.65
2023-01-10,0.006904111676738272,175.86
2023-01-11,-0.007706619856306218,174.51
2023-01-12,-0.012164690739377317,172.4
2023-01-13,0.007973129954334897,173.78
2023-01-16,0.0,173.78
2023-01-17,-0.0017274912541835222,173.48
2023-01-18,-0.0027708352208377232,173.0
2023-01-19,0.0,173.0
2023-01-20,0.016567006158430767,175.89
2023-01-23,0.0038017641279705044,176.56
2023-01-24,0.010479893580369307,178.42
2023-01-25,0.010315610665027229,180.27
2023-01-26,0.010155260348734142,182.11
2023-01-27,0.016392899206156244,185.12
2023-01-30,-0.0006482100427433487,185.0
2023-01-31,0.018848250454819943,188.52
2023-02-01,0.017353552327453427,191.82
2023-02-02,-0.010323100323074576,189.85
2023-02-03,0.009227297250130932,191.61
2023-02-06,0.0,191.61
2023-02-07,0.01687088295004052,194.87
2023-02-08,-0.016818643806528224,191.62
2023-02-09,-0.024513003721010184,186.98
2023-02-10,0.006875310791655233,188.27
2023-02-13,0.017167786601088787,191.53
2023-02-14,0.005986047812783679,192.68
2023-02-15,0.004917887343950468,193.63
2023-02-16,-0.0009814814954237732,193.44
2023-02-17,0.015237320161070936,196.41
2023-02-20,0.0,196.41
2023-02-21,-0.026048331161638762,191.36
2023-02-22,0.0008356507466370452,191.52
2023-02-23,0.010078045469586537,193.46
2023-02-24,-0.012640556266736845,191.03
2023-02-27,0.009948350653187638,192.94
2023-02-28,0.005273072882380502,193.96
2023-03-01,-0.004443859332982663,193.1
2023-03-02,0.011072473293001088,195.25
2023-03-03,0.011305847368969531,197.47
2023-03-06,-0.013613241125671438,194.8
2023-03-07,0.008383757883596939,196.44
2023-03-08,0.018360411331932485,200.08
2023-03-09,-0.010096801579481212,198.07
2023-03-10,-0.034627677310067634,190.01
2023-03-13,-0.01800206927411749,186.62
2023-03-14,0.028889646367847473,192.09
2023-03-15,-0.034627677310067634,185.43
2023-03-16,0.01758743046032453,188.72
2023-03-17,-0.034627677310067634,182.15
2023-03-20,0.01606525987410851,185.1
2023-03-21,-0.009335439937340628,183.38
2023-03-22,-0.03073244068578874,177.83
2023-03-23,-0.024419749820803235,173.54
2023-03-24,-0.02745650362067826,168.84
2023-03-27,0.022604580509318257,172.7
2023-03-28,0.008819989287476408,174.23
2023-03-29,0.01757956989882492,177.32
2023-03-30,0.010378951853348736,179.17
2023-03-31,0.01967418767561567,182.73
2023-04-03,0.003278619448602481,183.33
2023-04-04,-0.034627677310067634,163.13
2023-04-05,-0.008680567344167257,161.72
2023-04-06,-0.01910331187421848,158.66
2023-04-07,0.0,158.66
2023-04-10,-0.0011987181756402765,158.47
2023-04-11,0.0034649899826648934,159.02
2023-04-12,0.0028888233289672,159.48
2023-04-13,-0.0030145391608711832,159.0
2023-04-14,-0.007893068469341114,157.75
2023-04-17,0.015099427709085225,160.15
2023-04-18,0.012225957471532689,162.12
2023-04-19,0.0004928785154263666,162.2
2023-04-20,-0.016786101588081723,159.5
2023-04-21,-0.01325344011708359,157.4
2023-04-24,0.005891610329581811,158.33
2023-04-25,-0.02494044329786447,154.43
2023-04-26,-0.007409381800190702,153.29
2023-04-27,0.010706480543485407,154.94
2023-04-28,0.01562528689532852,157.38
2023-05-01,0.009675045440863212,158.91
2023-05-02,0.0005658398824149197,159.0
2023-05-03,0.009825570595683215,160.57
2023-05-04,-0.034627677310067634,154.95
2023-05-05,0.019366257590963266,157.98
2023-05-08,0.001834316612151732,158.27
2023-05-09,-0.006084472920375787,157.31
2023-05-10,-0.0015902637994622765,157.06
2023-05-11,-0.0015932685785635255,156.81
2023-05-12,0.003310514195939015,157.33
2023-05-15,0.009992904204335873,158.91
2023-05-16,-0.023623858911100568,155.2
2023-05-17,0.024755049665526975,159.09
2023-05-18,0.010939940038334263,160.84
2023-05-19,-0.010437279393366743,159.17
2023-05-22,-0.0015722353144555156,158.92
2023-05-23,-0.00346700311569129,158.37
2023-05-24,-0.030191202164229578,153.66
2023-05-25,0.005387461532365917,154.49
2023-05-26,0.0070302299212004395,155.58
2023-05-30,-0.012678027637854099,153.62
2023-05-31,-0.01925723604902756,150.69
2023-06-01,0.015866459368776016,153.1
